1
2.94586664383
[[-0.08341569 -0.06711271]
 [ 0.08177719 -0.92165212]
 [ 0.02482543 -0.00358753]
 [-0.02398328 -0.99733961]
 [ 1.04663087 -0.02783544]
 [ 0.2125707   0.24067218]
 [-0.11678531 -0.12781398]
 [ 0.18864168  0.16682518]
 [ 0.31766375  0.18989036]
 [-0.18948047 -0.11400279]
 [-0.1873262  -0.18112812]
 [ 0.22442026  0.19689108]
 [-0.03693528 -0.01004847]
 [ 0.11109673  0.06012178]
 [-0.25853315 -0.20623531]
 [ 0.11242554  0.10864395]]
2
0.146615277435
[[-0.06882455 -0.07039667]
 [ 0.08514513 -0.97138489]
 [ 0.03576685  0.01162025]
 [-0.04622901 -1.05765437]
 [ 1.07087388 -0.02731106]
 [ 0.25221346  0.26340029]
 [-0.15091302 -0.13326682]
 [ 0.23358046  0.18350851]
 [ 0.36482901  0.25885889]
 [-0.23305683 -0.16151476]
 [-0.25850435 -0.16575973]
 [ 0.27242832  0.13482818]
 [-0.03745046  0.02208781]
 [ 0.16081383  0.09284238]
 [-0.31230685 -0.18411851]
 [ 0.11877351  0.0755298 ]]
3
0.0241521656436
[[-0.07116054 -0.07281394]
 [ 0.08064236 -0.97422706]
 [ 0.03928543  0.01598256]
 [-0.04818708 -1.05844007]
 [ 1.0721207  -0.02392461]
 [ 0.24504519  0.25690714]
 [-0.14599125 -0.12705741]
 [ 0.23319425  0.18494368]
 [ 0.35385321  0.25447748]
 [-0.22443802 -0.15845514]
 [-0.27089213 -0.1772934 ]
 [ 0.28144576  0.1496068 ]
 [-0.04226664  0.00752991]
 [ 0.16872002  0.10272147]
 [-0.31290951 -0.19220745]
 [ 0.11882233  0.08242939]]
4
0.0511469988841
[[-0.06894058 -0.07473553]
 [ 0.08472734 -0.97842199]
 [ 0.04085153  0.00554956]
 [-0.05067295 -1.05473334]
 [ 1.07357235 -0.02768907]
 [ 0.25411641  0.24471509]
 [-0.15129565 -0.11918709]
 [ 0.23668914  0.16596226]
 [ 0.37133373  0.22705278]
 [-0.23690319 -0.14040597]
 [-0.27249316 -0.15637308]
 [ 0.28464284  0.09522027]
 [-0.04267264  0.03936602]
 [ 0.17138179  0.07472271]
 [-0.32812406 -0.14884645]
 [ 0.12399344  0.07128964]]
5
0.0422586341062
[[-0.07227128 -0.07465733]
 [ 0.08047534 -0.97339985]
 [ 0.04128449  0.01424366]
 [-0.04877251 -1.05793182]
 [ 1.07146152 -0.02448505]
 [ 0.24250172  0.25296403]
 [-0.14424716 -0.12396171]
 [ 0.23542614  0.17907494]
 [ 0.35075129  0.25852403]
 [-0.22290923 -0.15970264]
 [-0.2756172  -0.16370656]
 [ 0.28515241  0.13224174]
 [-0.04078244  0.01822615]
 [ 0.17223751  0.09647277]
 [-0.31508043 -0.1817462 ]
 [ 0.11578788  0.07330451]]
6
0.00761269263583
[[-0.07086409 -0.07350822]
 [ 0.08045459 -0.97199127]
 [ 0.04147629  0.01488581]
 [-0.04900454 -1.05891664]
 [ 1.0723551  -0.02431005]
 [ 0.24590593  0.25594284]
 [-0.14731477 -0.12679615]
 [ 0.23766272  0.17858766]
 [ 0.35196935  0.26529163]
 [-0.22454769 -0.1641627 ]
 [-0.27839023 -0.16524086]
 [ 0.28765926  0.13373369]
 [-0.04143888  0.01859944]
 [ 0.17267135  0.09726715]
 [-0.31750313 -0.1851546 ]
 [ 0.11789776  0.07569199]]
7
Finished successfully!
0.000992878286909
[[-0.07089371 -0.0733555 ]
 [ 0.0803767  -0.97190686]
 [ 0.04162722  0.01476916]
 [-0.04913116 -1.05889762]
 [ 1.07245432 -0.02432876]
 [ 0.24543296  0.25615703]
 [-0.14703335 -0.12689473]
 [ 0.23792287  0.17847521]
 [ 0.35149366  0.26554442]
 [-0.2243652  -0.16443249]
 [-0.27910948 -0.16537381]
 [ 0.28842314  0.13402191]
 [-0.04178338  0.01833429]
 [ 0.17303272  0.09732291]
 [-0.31775428 -0.18543087]
 [ 0.1180589   0.07606944]]
Error 0.000992878286909
Theta:  [[-0.07089371 -0.0733555 ]
 [ 0.0803767  -0.97190686]
 [ 0.04162722  0.01476916]
 [-0.04913116 -1.05889762]
 [ 1.07245432 -0.02432876]
 [ 0.24543296  0.25615703]
 [-0.14703335 -0.12689473]
 [ 0.23792287  0.17847521]
 [ 0.35149366  0.26554442]
 [-0.2243652  -0.16443249]
 [-0.27910948 -0.16537381]
 [ 0.28842314  0.13402191]
 [-0.04178338  0.01833429]
 [ 0.17303272  0.09732291]
 [-0.31775428 -0.18543087]
 [ 0.1180589   0.07606944]]
gvec: [ 0.25  0.25]
