[[ 0.    8.    1.  ]
 [ 0.    1.    0.  ]
 [ 0.    0.    0.  ]
 [ 0.   -5.    0.  ]
 [ 1.   -0.02  0.  ]
 [ 0.    0.    0.  ]
 [ 0.    0.    0.  ]
 [ 0.    0.    0.  ]
 [ 0.   -1.    0.  ]
 [ 0.    0.    0.  ]
 [ 0.    0.    0.  ]
 [ 0.    0.    0.  ]
 [ 0.    0.    0.  ]
 [ 0.    0.    0.  ]
 [ 0.    0.    0.  ]
 [ 0.    0.    0.  ]
 [ 0.    0.    0.  ]
 [ 0.    0.    0.  ]
 [ 0.    0.    0.  ]
 [ 0.    0.    0.  ]
 [ 0.    0.    0.  ]
 [ 0.    0.    0.  ]
 [ 0.    0.    0.  ]
 [ 0.    0.    0.  ]
 [ 0.    0.    0.  ]
 [ 0.    0.    0.  ]
 [ 0.    0.    0.  ]
 [ 0.    0.    0.  ]
 [ 0.    0.    0.  ]
 [ 0.    0.    0.  ]
 [ 0.    0.    0.  ]
 [ 0.    0.    0.  ]
 [ 0.    0.    0.  ]
 [ 0.    0.    0.  ]
 [ 0.    0.    0.  ]
 [ 0.    0.    0.  ]
 [ 0.    0.    0.  ]
 [ 0.    0.    0.  ]
 [ 0.    0.    0.  ]
 [ 0.    0.    0.  ]
 [ 0.    0.    0.  ]
 [ 0.    0.    0.  ]
 [ 0.    0.    0.  ]
 [ 0.    0.    0.  ]
 [ 0.    0.    0.  ]
 [ 0.    0.    0.  ]
 [ 0.    0.    0.  ]
 [ 0.    0.    0.  ]
 [ 0.    0.    0.  ]
 [ 0.    0.    0.  ]
 [ 0.    0.    0.  ]
 [ 0.    0.    0.  ]
 [ 0.    0.    0.  ]
 [ 0.    0.    0.  ]
 [ 0.    0.    0.  ]
 [ 0.    0.    0.  ]
 [ 0.    0.    0.  ]
 [ 0.    0.    0.  ]
 [ 0.    0.    0.  ]
 [ 0.    0.    0.  ]
 [ 0.    0.    0.  ]
 [ 0.    0.    0.  ]
 [ 0.    0.    0.  ]
 [ 0.    0.    0.  ]]



1
15.3209282152
[[  2.85615731e+00   1.56076090e+01   3.26444109e+00]
 [  6.41786170e-01  -1.74783598e+01   1.44861079e-01]
 [ -2.00831287e-01   8.03495956e+00  -1.32378643e-01]
 [  1.62536544e-01  -1.27294269e+01   3.88349725e-01]
 [  5.46079845e-01  -2.83896808e-01   2.41630063e-02]
 [  3.44744701e-02  -3.60195000e+00   1.11434627e-01]
 [  8.67340234e-02  -2.64709763e-01  -8.68911638e-02]
 [ -2.75888291e+00  -4.38894171e+00  -1.62835155e+00]
 [  1.32467222e+00  -2.63705758e-01   7.68531075e-01]
 [ -2.73119681e-01  -4.68830894e-02  -1.49384343e-01]
 [ -1.88698379e+00   2.38340797e+00  -8.13163913e-01]
 [ -4.68220980e-01  -4.93310228e+00  -4.28333895e-01]
 [  3.02885512e-02   6.73037594e-01  -7.68280680e-02]
 [ -8.19330737e-02  -2.57546094e+00   6.88931900e-01]
 [  9.60764994e-02  -1.83593790e+00   1.45756759e-01]
 [ -1.02531979e-01   1.12982035e+00   9.91293453e-02]
 [ -4.02245154e-01   3.17084592e+00  -2.84468535e-01]
 [  3.09533658e-02  -1.67270782e+00  -1.36641512e-01]
 [ -1.04527595e-01   2.67859650e-02  -9.71613945e-02]
 [ -1.82235869e+00  -8.78296871e+00  -5.61650833e-01]
 [  1.20970077e+00   4.95863448e+00   4.99627775e-01]
 [ -3.42781251e-01  -3.34127305e-01  -1.60405871e-01]
 [  5.06603353e-01  -1.29356771e+01   4.99053263e-01]
 [ -6.73940618e-02   6.25369250e+00  -1.60394475e-01]
 [ -9.12320054e-02  -6.43992203e-01  -2.79637512e-02]
 [ -2.09211859e-01  -8.11304263e+00  -1.99104186e-01]
 [ -4.11119272e-02   3.56870192e+00  -2.75328951e-02]
 [ -9.55263278e-03  -4.29813030e-01  -1.67760166e-03]
 [  1.74535332e+00   7.23017156e-01   9.48291556e-02]
 [ -8.98606158e-01  -6.83922415e-01  -1.25084061e-01]
 [  1.37479694e-01   3.34241216e-01   2.47262318e-02]
 [  6.33639385e-02   6.29568776e+00  -7.83869826e-02]
 [ -7.02913887e-02  -3.21301474e+00   2.00028203e-02]
 [  8.50467789e-03   4.87920372e-01  -3.01460813e-03]
 [ -9.03143428e-02   3.89102487e-01   1.49296205e-01]
 [  3.98144549e-02  -3.09217668e-01  -5.64546707e-02]
 [ -5.29731838e-03   4.76659196e-02   6.40661417e-03]
 [  3.14415683e+00  -1.80208768e+00   8.86294414e-01]
 [ -1.69856802e+00   3.16592156e-01  -3.91232219e-01]
 [  2.64380315e-01   3.85375479e-01   5.84441138e-02]
 [  4.42552550e-01   8.24319522e+00   2.36543943e-01]
 [ -1.88398719e-01  -4.85271477e+00  -3.16847535e-02]
 [  2.10234547e-02   7.76110862e-01   1.75036994e-05]
 [ -6.05951735e-02  -1.00490860e+00   1.12383226e-01]
 [  5.57426786e-02  -1.06586412e-01  -5.70136874e-02]
 [ -8.93839628e-03   4.40073638e-02   7.30670431e-03]
 [  1.11361694e+00   3.71489829e-01  -4.57177809e-01]
 [ -9.27204257e-01   5.78633051e-01  -9.36927033e-03]
 [  1.59392012e-01   1.38017503e-01   1.47096973e-02]
 [  2.13881552e-02   3.00117669e+00  -1.12979421e-01]
 [ -6.60130481e-02  -2.34267156e+00   2.83588423e-02]
 [  9.37262187e-03   4.04610567e-01  -3.31277570e-03]
 [  7.11232521e-02  -1.75748922e+00  -7.45739819e-02]
 [  1.36400695e-02   2.42074562e-01  -6.57290871e-04]
 [ -4.18153774e-03  -1.96282750e-03   1.48382677e-03]
 [  4.23171972e-01  -2.79259918e+00   8.97793003e-02]
 [ -2.97221793e-01   1.13374810e+00  -1.76429215e-02]
 [  5.05236944e-02  -8.08624089e-02   2.88557311e-03]
 [ -4.39119390e-02   9.14204359e-01   2.55850157e-02]
 [ -4.29033563e-03  -6.00809497e-01   4.16783056e-03]
 [  1.42887632e-03   1.05644214e-01  -9.49343184e-04]
 [  9.54811450e-02  -7.12399027e-01   1.38673983e-02]
 [ -1.13125829e-02   1.55278516e-01  -1.11866206e-03]
 [ -1.28994018e-04  -9.29957051e-03   2.11106715e-04]]
2
0.127681571069
[[  2.95451558e+00   1.42974493e+01   3.35239743e+00]
 [  7.06350406e-01  -1.75246446e+01   1.41726187e-01]
 [ -4.48287805e-01   8.00578751e+00  -8.09196493e-02]
 [  6.58916828e-02  -1.35705748e+01   4.90852506e-01]
 [  7.85995224e-01   7.79778234e-01   1.75793741e-01]
 [  7.74412851e-03  -3.78556550e+00   9.09776330e-02]
 [  1.19112820e-01  -2.98125318e-01  -7.07908903e-02]
 [ -2.92998744e+00  -3.03087444e+00  -1.70310160e+00]
 [  1.44296452e+00  -9.80066619e-01   8.04760157e-01]
 [ -3.16826366e-01   1.46886692e-01  -1.57355160e-01]
 [ -1.85939280e+00   2.93066575e+00  -1.26286119e+00]
 [ -5.06981871e-01  -5.31091867e+00  -4.81516413e-01]
 [ -2.85862454e-02   5.06808963e-01  -2.76246440e-02]
 [ -3.09273122e-01  -2.42104460e+00   9.17351204e-01]
 [  2.84662878e-01  -1.87601518e+00   1.18901347e-01]
 [ -1.48621425e-01   1.46308608e+00   9.24461735e-02]
 [ -6.09270844e-03   3.68322995e+00  -6.80343448e-01]
 [  3.24730954e-02  -1.78152493e+00  -5.95710234e-02]
 [ -1.33040690e-01  -2.74287517e-01  -9.30479266e-02]
 [ -1.91435703e+00  -9.78467445e+00  -5.60065619e-01]
 [  1.26744920e+00   5.11287302e+00   4.99575056e-01]
 [ -3.95313322e-01  -1.70471638e-01  -1.64760695e-01]
 [  7.81780627e-01  -1.35397513e+01   4.48391672e-01]
 [ -1.84045239e-01   6.55020135e+00  -1.60172725e-01]
 [ -9.93316590e-02  -5.97940206e-01  -2.87893771e-02]
 [ -1.36655748e-01  -8.20478061e+00  -3.90423353e-01]
 [ -9.86534179e-02   3.71707968e+00   2.15425530e-02]
 [ -5.89359522e-03  -4.33614929e-01  -6.26327523e-03]
 [  1.34956474e+00  -7.33023603e-01  -1.16133733e-01]
 [ -7.20865673e-01  -2.45300020e-02  -2.92050830e-02]
 [  1.04504554e-01   2.34465593e-01   6.72432076e-03]
 [  8.82633455e-02   6.61774007e+00  -2.80028707e-02]
 [ -7.24244896e-02  -3.35029251e+00  -1.38144697e-02]
 [  8.58383139e-03   5.06980110e-01   2.41029408e-03]
 [ -1.05155719e-01   4.14559958e-01   1.27470511e-01]
 [  3.78320023e-02  -3.20518279e-01  -5.42378481e-02]
 [ -4.08674639e-03   4.86977236e-02   6.84622923e-03]
 [  3.02779137e+00  -3.02200411e+00   1.11864198e+00]
 [ -1.64097854e+00   1.17980011e+00  -3.87608023e-01]
 [  2.40401165e-01   2.33772513e-01   4.49060745e-02]
 [  4.74187314e-01   8.84899141e+00   3.29241857e-01]
 [ -1.85344923e-01  -5.12205333e+00  -8.80403202e-02]
 [  2.02172256e-02   8.13006236e-01   8.82740748e-03]
 [  7.21034741e-03  -1.02239761e+00   4.49606668e-02]
 [  3.56131642e-02  -1.05173981e-01  -4.24084986e-02]
 [ -5.93736667e-03   4.44446853e-02   6.73827868e-03]
 [  1.34921440e+00  -1.27691018e-01  -5.45383382e-01]
 [ -1.04515955e+00   1.02064738e+00   2.24504691e-03]
 [  1.67287467e-01   5.80047252e-02   9.58378239e-03]
 [ -9.91963919e-02   3.17181489e+00  -6.70268407e-02]
 [ -3.49671452e-02  -2.46663267e+00  -8.20075012e-04]
 [  6.34939843e-03   4.23738258e-01   1.27456148e-03]
 [  1.34567592e-01  -2.10213296e+00  -1.01538343e-01]
 [ -2.78241974e-03   3.09241824e-01   8.65921521e-03]
 [ -2.26691940e-03  -6.55687467e-03   7.83405567e-04]
 [  8.36203913e-02  -3.13326570e+00   2.73331580e-01]
 [ -2.63484257e-01   1.27750358e+00  -5.05784129e-02]
 [  5.00125956e-02  -1.02624167e-01   4.68178627e-03]
 [ -5.45390475e-02   9.52188059e-01  -5.04819902e-03]
 [  2.76109845e-03  -6.26843348e-01   2.79049531e-03]
 [  4.69706091e-04   1.10008759e-01  -1.33277875e-04]
 [  1.28755736e-01  -6.51551151e-01   4.47986720e-03]
 [ -1.91154636e-02   1.56463464e-01   2.11786681e-03]
 [  6.10370451e-04  -9.83728469e-03  -9.07871780e-05]]
3
0.0717109911234
[[  3.03135720e+00   1.46513645e+01   3.21146557e+00]
 [  5.84781381e-01  -1.84840538e+01  -4.56804163e-02]
 [ -2.99805417e-01   8.89097572e+00   5.73854504e-02]
 [  3.18880180e-03  -1.42168668e+01   5.22873999e-01]
 [  7.81013830e-01   1.01138471e+00   2.78540489e-01]
 [  2.87249266e-02  -3.68289553e+00   3.00185672e-02]
 [  1.00839705e-01  -2.53104503e-01  -1.07898034e-01]
 [ -2.97211751e+00  -3.13056912e+00  -1.50795595e+00]
 [  1.46257484e+00  -1.00780842e+00   6.94255766e-01]
 [ -3.23433990e-01   1.66701568e-01  -1.29531169e-01]
 [ -1.91345572e+00   2.13555970e+00  -9.68950071e-01]
 [ -4.47391926e-01  -5.31095101e+00  -4.17320384e-01]
 [ -2.85522667e-02   5.60525057e-01  -5.60340806e-02]
 [ -3.60851527e-01  -2.01850421e+00   9.11995654e-01]
 [  2.77180190e-01  -1.75404735e+00  -6.46826302e-03]
 [ -1.43477770e-01   1.44379809e+00   8.19226976e-02]
 [ -1.00043054e-01   3.05482424e+00  -5.93276204e-01]
 [  3.26909998e-02  -1.80227784e+00  -1.13532219e-02]
 [ -1.21255112e-01  -1.68073977e-01  -1.02970695e-01]
 [ -1.84598841e+00  -9.05630625e+00  -3.45497491e-01]
 [  1.27152260e+00   4.92889673e+00   3.74126947e-01]
 [ -4.04110935e-01  -1.27527266e-01  -1.25687106e-01]
 [  6.62281556e-01  -1.43891426e+01   3.34193571e-01]
 [ -1.49647123e-01   6.79802882e+00  -1.60232808e-01]
 [ -1.06756719e-01  -6.10434301e-01  -1.50333306e-02]
 [ -1.01622594e-01  -7.83892186e+00  -4.77836728e-01]
 [ -1.01711370e-01   3.70263517e+00   4.38456270e-02]
 [ -6.94749735e-03  -4.34610644e-01  -5.42314866e-03]
 [  1.33471057e+00  -9.82896969e-01  -2.79772344e-01]
 [ -7.09688348e-01   8.98971247e-02   4.46216537e-02]
 [  1.03136315e-01   1.93728286e-01  -2.88526401e-03]
 [  4.07355662e-02   6.47983356e+00   4.93908593e-02]
 [ -4.95050526e-02  -3.29148000e+00  -4.47427979e-02]
 [  6.10916460e-03   5.00921463e-01   5.88756755e-03]
 [ -7.86663568e-02   3.60282696e-01   1.80292558e-01]
 [  2.69380518e-02  -2.94176752e-01  -7.69363025e-02]
 [ -2.84644969e-03   4.55921184e-02   9.56914401e-03]
 [  3.06649671e+00  -2.51638588e+00   7.36071692e-01]
 [ -1.64643043e+00   1.11381350e+00  -2.22469954e-01]
 [  2.40434435e-01   1.92442600e-01   2.38403669e-02]
 [  3.89678503e-01   8.71037429e+00   3.55864957e-01]
 [ -1.47703488e-01  -5.03439978e+00  -1.18682954e-01]
 [  1.62225736e-02   8.02785920e-01   1.28025099e-02]
 [  2.56699835e-02  -1.06529916e+00   1.03949676e-01]
 [  2.31389418e-02  -7.38979481e-02  -7.53399889e-02]
 [ -4.30709799e-03   4.04011068e-02   1.10151477e-02]
 [  1.41881379e+00  -3.10490433e-01  -6.49614208e-01]
 [ -1.06818903e+00   1.01108906e+00   8.23051649e-02]
 [  1.69497457e-01   3.93453828e-02  -2.00931035e-03]
 [ -1.11654061e-01   3.03019245e+00   4.72394641e-02]
 [ -2.19716636e-02  -2.40670240e+00  -3.40322651e-02]
 [  4.80961468e-03   4.17041964e-01   4.46846074e-03]
 [  1.34906456e-01  -2.06860365e+00  -7.82668550e-02]
 [ -6.77219458e-03   3.12918289e-01  -7.76972328e-03]
 [ -1.62931387e-03  -7.64746953e-03   3.05158415e-03]
 [  1.43378964e-01  -2.75645653e+00   2.25616117e-01]
 [ -2.79178371e-01   1.17833321e+00  -2.84972840e-02]
 [  5.15230632e-02  -9.76087303e-02   1.69962149e-03]
 [ -5.42122164e-02   9.29040241e-01   2.43901667e-03]
 [  4.69154684e-03  -6.10658320e-01  -4.70578232e-03]
 [  2.24267066e-04   1.07984649e-01   7.36133985e-04]
 [  1.21554760e-01  -6.88441884e-01   1.11702100e-02]
 [ -1.85810827e-02   1.62728042e-01  -2.04625621e-03]
 [  6.46276836e-04  -1.03661426e-02   4.91764401e-04]]
4
0.0535199260897
[[  2.93312396e+00   1.47356530e+01   3.32767654e+00]
 [  5.95949396e-01  -1.87088960e+01  -6.22440612e-02]
 [ -4.00049077e-01   8.80020585e+00   3.26563581e-02]
 [ -2.47412528e-02  -1.39842295e+01   2.98771959e-01]
 [  7.64241009e-01   1.22983570e+00   1.95771936e-01]
 [  4.27965365e-02  -3.71908082e+00   5.11554526e-02]
 [  1.13937564e-01  -2.72004489e-01  -8.75464318e-02]
 [ -2.87178179e+00  -3.16328453e+00  -1.64313733e+00]
 [  1.40643181e+00  -1.00712834e+00   7.62176316e-01]
 [ -3.07528047e-01   1.57440193e-01  -1.45294726e-01]
 [ -1.83992316e+00   2.27846111e+00  -1.29765133e+00]
 [ -4.66723526e-01  -5.31959414e+00  -3.47770257e-01]
 [ -1.49718984e-02   5.03323888e-01  -2.71809931e-02]
 [ -2.26897220e-01  -1.43389751e+00   7.75841783e-01]
 [  3.01126736e-01  -1.67279353e+00   3.41034744e-02]
 [ -1.61063551e-01   1.37012995e+00   9.73740038e-02]
 [ -3.58028793e-02   2.90903612e+00  -6.24423460e-01]
 [  3.35453215e-02  -1.82102792e+00   4.15193294e-03]
 [ -1.16097471e-01  -2.01968641e-01  -1.09213212e-01]
 [ -1.78749255e+00  -8.72085574e+00  -3.89203263e-01]
 [  1.22439127e+00   4.78838521e+00   4.15877524e-01]
 [ -3.83383856e-01  -1.27211697e-01  -1.42187109e-01]
 [  7.54536713e-01  -1.41485230e+01   3.99897530e-01]
 [ -1.69812574e-01   6.67139682e+00  -1.80923860e-01]
 [ -9.76165395e-02  -6.03550060e-01  -1.78948539e-02]
 [ -8.26501842e-03  -8.02481635e+00  -2.94573835e-01]
 [ -1.23152522e-01   3.72635108e+00  -1.46837659e-03]
 [ -3.51312473e-03  -4.38047239e-01  -2.25675986e-03]
 [  1.37942388e+00  -1.27712813e+00  -1.04234031e-01]
 [ -7.39153784e-01   2.16613466e-01  -4.80299872e-02]
 [  1.12519206e-01   1.78245692e-01   7.86224033e-03]
 [  2.27284856e-02   6.53789380e+00   1.34998840e-03]
 [ -3.88245620e-02  -3.30978091e+00  -2.07573311e-02]
 [  3.47277547e-03   5.03360358e-01   4.13227025e-03]
 [ -1.02478021e-01   3.91044674e-01   1.40477647e-01]
 [  3.97509242e-02  -3.07740122e-01  -5.45206496e-02]
 [ -4.70917465e-03   4.67047768e-02   6.42795051e-03]
 [  2.97078708e+00  -2.97482987e+00   1.24031225e+00]
 [ -1.62387315e+00   1.38026636e+00  -4.58400009e-01]
 [  2.47008443e-01   1.54777278e-01   5.11623106e-02]
 [  3.88339806e-01   8.70310598e+00   2.50722655e-01]
 [ -1.39215891e-01  -5.02476144e+00  -6.91211827e-02]
 [  1.29645034e-02   8.02116747e-01   8.52215243e-03]
 [  2.05254124e-03  -9.94009411e-01   5.32456183e-02]
 [  3.91890813e-02  -1.03304227e-01  -4.05887234e-02]
 [ -6.85334848e-03   4.31957965e-02   5.89222643e-03]
 [  1.23895201e+00  -1.01464318e+00  -3.74964730e-01]
 [ -1.00341114e+00   1.29336413e+00  -7.14695107e-02]
 [  1.66315339e-01   2.91503798e-03   1.68471184e-02]
 [ -1.41803409e-01   2.93284873e+00  -1.38964792e-02]
 [ -1.31435415e-02  -2.37235929e+00  -3.34050049e-03]
 [  2.92322887e-03   4.13543063e-01   1.48395261e-03]
 [  1.43742422e-01  -1.99931773e+00  -9.31461106e-02]
 [ -3.47061010e-03   2.88839421e-01   8.56655740e-03]
 [ -2.50200146e-03  -5.21908073e-03   4.14782589e-04]
 [  6.47148538e-02  -2.68195003e+00   3.17579778e-01]
 [ -2.47450580e-01   1.20937196e+00  -8.68543935e-02]
 [  4.86278803e-02  -1.05145113e-01   9.21608154e-03]
 [ -7.43927180e-02   9.29462065e-01  -1.50673358e-02]
 [  1.05902504e-02  -6.04557258e-01   4.22544698e-03]
 [ -5.59878606e-04   1.07091430e-01  -2.15918869e-04]
 [  1.21958732e-01  -6.67130214e-01   2.21699045e-02]
 [ -1.82164049e-02   1.55857984e-01  -9.23210259e-04]
 [  5.16659898e-04  -9.62728456e-03   2.89230382e-05]]
5
0.0667223734362
[[  2.88996478e+00   1.48201260e+01   3.36361156e+00]
 [  6.43863075e-01  -1.88654814e+01   7.81876588e-02]
 [ -3.92881716e-01   8.67858436e+00  -9.14628124e-02]
 [  2.27248896e-02  -1.46884398e+01   5.27835998e-01]
 [  7.88589426e-01   8.95726884e-01   7.87106867e-02]
 [ -1.84268641e-02  -3.86130937e+00   7.98232962e-02]
 [  9.58094138e-02  -2.90771518e-01  -9.44611966e-02]
 [ -2.84809497e+00  -3.27347472e+00  -1.68067017e+00]
 [  1.39462892e+00  -9.50699260e-01   7.92991875e-01]
 [ -3.03439954e-01   1.48787302e-01  -1.60504079e-01]
 [ -1.86032643e+00   2.27701055e+00  -1.00345974e+00]
 [ -5.19158510e-01  -5.37458789e+00  -3.71078649e-01]
 [ -3.36076851e-02   4.68427987e-01  -3.63964095e-02]
 [ -4.62248948e-01  -2.03624975e+00   8.80966211e-01]
 [  3.15147577e-01  -1.78364018e+00   8.07384582e-02]
 [ -1.32884587e-01   1.40547058e+00   6.21522660e-02]
 [ -4.52115052e-02   3.39408052e+00  -6.90968308e-01]
 [ -4.70085806e-03  -1.79279282e+00  -7.21152344e-02]
 [ -1.22211550e-01  -3.67432424e-01  -1.20009824e-01]
 [ -1.81621607e+00  -8.57977587e+00  -4.98230408e-01]
 [  1.22105776e+00   4.77030965e+00   4.73497046e-01]
 [ -3.78197756e-01  -1.28499783e-01  -1.69700247e-01]
 [  7.21951728e-01  -1.38903883e+01   5.16775052e-01]
 [ -1.58977716e-01   6.57634669e+00  -1.99895048e-01]
 [ -9.67994532e-02  -5.92856429e-01  -2.79704890e-02]
 [ -7.60015670e-02  -7.20394747e+00  -3.96699751e-01]
 [ -1.01440973e-01   3.48427477e+00   7.19810916e-03]
 [ -5.53046995e-03  -4.12250166e-01  -4.81095412e-03]
 [  1.34155767e+00  -7.50552461e-01  -3.82978552e-02]
 [ -7.24105051e-01  -5.54524843e-02  -4.61317622e-02]
 [  1.07163543e-01   2.28631327e-01   1.05477486e-02]
 [  1.20744956e-01   6.75713217e+00  -5.56899304e-02]
 [ -8.72771412e-02  -3.41911267e+00   1.08248695e-02]
 [  1.07950027e-02   5.18978111e-01  -1.27009812e-03]
 [ -7.01427979e-02   3.97345996e-01   1.52799494e-01]
 [  2.32159647e-02  -3.08112128e-01  -6.16757642e-02]
 [ -2.33750824e-03   4.68371508e-02   7.38113041e-03]
 [  3.03652160e+00  -2.34151448e+00   8.35969744e-01]
 [ -1.65559034e+00   9.26663398e-01  -2.87609462e-01]
 [  2.45703828e-01   2.44079482e-01   3.71639986e-02]
 [  4.80444223e-01   8.94040314e+00   2.03576914e-01]
 [ -1.99457376e-01  -5.19028288e+00  -3.16734089e-02]
 [  2.30930047e-02   8.27719553e-01   1.50703363e-03]
 [  3.11467548e-02  -1.02334777e+00   7.46321608e-02]
 [  1.90342602e-02  -8.66002628e-02  -5.60433684e-02]
 [ -3.64018253e-03   4.12661633e-02   8.06573960e-03]
 [  1.49807159e+00  -2.53995321e-01  -6.25532383e-01]
 [ -1.09087856e+00   9.50423120e-01   6.41701709e-02]
 [  1.73909895e-01   6.05911647e-02   2.79538284e-03]
 [ -1.40173279e-01   3.09470305e+00  -7.78814186e-02]
 [ -3.31647863e-02  -2.47151204e+00   2.08699148e-02]
 [  7.21094419e-03   4.28586880e-01  -2.16879617e-03]
 [  1.24142528e-01  -2.06612612e+00  -6.85443327e-02]
 [ -6.01032518e-03   3.12202090e-01  -3.32110835e-03]
 [ -1.51430086e-03  -7.77001698e-03   1.99933703e-03]
 [  9.94862108e-02  -2.86456184e+00   2.99212324e-01]
 [ -2.68881905e-01   1.18318747e+00  -4.73543420e-02]
 [  5.11635028e-02  -9.45616739e-02   4.03644191e-03]
 [ -5.95496602e-02   9.03008422e-01   1.59675847e-03]
 [  4.55166177e-03  -6.14914408e-01   6.20006873e-03]
 [  4.99596931e-04   1.09768183e-01  -8.59063598e-04]
 [  1.18004559e-01  -5.95516895e-01   2.53378120e-02]
 [ -1.79680922e-02   1.49476630e-01  -3.57512435e-03]
 [  6.33493566e-04  -9.64327769e-03   4.49208202e-04]]
6
0.0623554280416
[[  2.95575936e+00   1.44911151e+01   3.47856416e+00]
 [  5.93255497e-01  -1.77548837e+01  -1.66349302e-01]
 [ -3.37009926e-01   8.10648595e+00   1.46781782e-01]
 [  2.28096198e-02  -1.38474821e+01   4.30157767e-01]
 [  8.21982174e-01   6.97471379e-01   1.60369012e-01]
 [ -2.76698664e-03  -3.82872343e+00   2.29578021e-02]
 [  1.13163378e-01  -2.99199783e-01  -8.42383693e-02]
 [ -2.90396243e+00  -3.20057581e+00  -1.71691303e+00]
 [  1.43392320e+00  -9.00458149e-01   7.84627433e-01]
 [ -3.17563407e-01   1.27159703e-01  -1.48880665e-01]
 [ -1.72400255e+00   2.43369133e+00  -1.10526696e+00]
 [ -5.19114860e-01  -5.46354544e+00  -3.57882013e-01]
 [ -1.20180988e-02   4.51400587e-01  -2.59476601e-02]
 [ -2.83662159e-01  -2.44854898e+00   8.86158256e-01]
 [  2.99006917e-01  -1.78278029e+00  -1.77616820e-02]
 [ -1.42950303e-01   1.41121501e+00   7.16982825e-02]
 [ -9.45107128e-02   3.10402271e+00  -6.28011064e-01]
 [  1.72077465e-03  -1.80730378e+00  -7.58437426e-02]
 [ -8.90278006e-02  -2.71165728e-01  -8.03774714e-02]
 [ -1.82744083e+00  -9.66546272e+00  -3.15945485e-01]
 [  1.26284487e+00   5.14298055e+00   4.14186912e-01]
 [ -3.99999048e-01  -1.93397129e-01  -1.45937013e-01]
 [  6.67440992e-01  -1.36342824e+01   3.34021979e-01]
 [ -1.37613094e-01   6.60762180e+00  -1.63629958e-01]
 [ -1.07787513e-01  -6.15836385e-01  -2.14482762e-02]
 [ -8.08254483e-02  -7.97616701e+00  -3.83986283e-01]
 [ -1.02826830e-01   3.68634818e+00   1.65084084e-02]
 [ -7.30428148e-03  -4.36321272e-01  -4.14689088e-03]
 [  1.24774787e+00  -5.97493663e-01  -1.23075354e-01]
 [ -6.59159335e-01  -9.14313507e-02  -1.78499800e-02]
 [  9.50798930e-02   2.33588262e-01   2.01738293e-03]
 [  9.75809037e-02   6.74949817e+00   2.11894074e-02]
 [ -7.60039412e-02  -3.43340931e+00  -2.69867406e-02]
 [  9.96188461e-03   5.21845326e-01   4.08784403e-03]
 [ -9.36605375e-02   4.39540593e-01   1.45012332e-01]
 [  3.17946919e-02  -3.36306658e-01  -6.14257743e-02]
 [ -3.32056803e-03   5.10692253e-02   7.97061162e-03]
 [  2.74516351e+00  -2.41637501e+00   9.96926754e-01]
 [ -1.49741313e+00   9.31938875e-01  -3.51544058e-01]
 [  2.19795462e-01   2.47411307e-01   3.59892599e-02]
 [  4.75471100e-01   9.07229258e+00   2.54342276e-01]
 [ -1.86843919e-01  -5.25008271e+00  -7.59585906e-02]
 [  2.20478670e-02   8.35833844e-01   8.51104059e-03]
 [  1.38728135e-02  -9.37177027e-01   6.30629199e-02]
 [  2.64795861e-02  -1.39538770e-01  -5.18567767e-02]
 [ -4.58454715e-03   4.90015024e-02   8.31655128e-03]
 [  1.23408391e+00   1.38599365e-01  -5.61059545e-01]
 [ -9.72775326e-01   8.46754546e-01   1.34424140e-02]
 [  1.56361137e-01   7.28849720e-02   5.15529117e-03]
 [ -1.14373513e-01   3.16973624e+00   1.54352017e-02]
 [ -3.24739078e-02  -2.50893330e+00  -1.36538994e-02]
 [  7.07276829e-03   4.33570818e-01   2.18785019e-03]
 [  1.39160321e-01  -2.02950836e+00  -7.12463382e-02]
 [ -8.07826975e-03   2.85306122e-01  -4.33411799e-04]
 [ -1.47110289e-03  -3.70465357e-03   1.89753854e-03]
 [  7.50327318e-02  -2.59459142e+00   2.64826764e-01]
 [ -2.43913760e-01   1.11477254e+00  -5.45251757e-02]
 [  4.69475704e-02  -8.74128196e-02   4.50774560e-03]
 [ -5.02533908e-02   9.59267650e-01   3.13982968e-02]
 [  3.54553612e-03  -6.34729467e-01  -5.84693042e-03]
 [  5.60756883e-04   1.11974240e-01   5.74735658e-04]
 [  1.08997653e-01  -6.35354371e-01   1.02327310e-02]
 [ -1.74050577e-02   1.50346408e-01  -7.08825667e-04]
 [  6.33459734e-04  -9.11165305e-03   2.58776881e-04]]
7
0.0608341799891
[[  2.84545339e+00   1.45716220e+01   3.19203867e+00]
 [  6.22470509e-01  -1.81602361e+01   2.57063465e-01]
 [ -4.23265020e-01   8.28410056e+00  -2.30004559e-01]
 [  6.18840850e-02  -1.39182456e+01   5.72125804e-01]
 [  7.72517429e-01   8.69707228e-01   2.58889050e-03]
 [  1.75329016e-02  -3.73750993e+00   8.71980693e-02]
 [  7.46204280e-02  -2.58124677e-01  -9.08942739e-02]
 [ -2.81201498e+00  -3.12839715e+00  -1.56867208e+00]
 [  1.38665158e+00  -1.00019168e+00   7.49374224e-01]
 [ -3.08457801e-01   1.59625437e-01  -1.48216847e-01]
 [ -1.80100654e+00   2.21273846e+00  -1.00064327e+00]
 [ -4.80468049e-01  -5.30342461e+00  -4.25700693e-01]
 [ -5.37123176e-02   4.55361460e-01  -4.35847482e-02]
 [ -4.52926704e-01  -2.00326894e+00   6.46484991e-01]
 [  2.73820343e-01  -1.63380257e+00   8.75626227e-02]
 [ -1.47436402e-01   1.43787427e+00   1.62065411e-01]
 [ -1.31197631e-01   3.04747849e+00  -7.50489596e-01]
 [  2.53730492e-02  -1.82153716e+00  -1.38090276e-01]
 [ -1.37077041e-01  -2.77931130e-01  -1.17800963e-01]
 [ -1.77070562e+00  -9.12822346e+00  -5.80622617e-01]
 [  1.19429783e+00   4.88619764e+00   4.62042897e-01]
 [ -3.83992920e-01  -1.28150433e-01  -1.54474247e-01]
 [  7.87901981e-01  -1.36495217e+01   6.20718886e-01]
 [ -2.03426668e-01   6.54409727e+00  -2.29748231e-01]
 [ -9.52244922e-02  -5.84862452e-01  -1.84356995e-02]
 [ -1.20354291e-01  -7.83104101e+00  -3.72555858e-01]
 [ -1.04811933e-01   3.62915923e+00  -8.10454155e-03]
 [ -4.91762960e-03  -4.22829006e-01  -1.37325327e-03]
 [  1.34797098e+00  -8.03000081e-01   5.99479964e-02]
 [ -7.23132326e-01   1.27144940e-02  -9.69674651e-02]
 [  1.10023698e-01   2.07526523e-01   2.12960947e-02]
 [  6.88493186e-02   6.56522095e+00  -6.23990101e-02]
 [ -6.42050195e-02  -3.32904180e+00   1.02490111e-02]
 [  7.88550426e-03   5.06095400e-01  -1.22662019e-03]
 [ -4.37105238e-02   3.75491159e-01   1.49266243e-01]
 [  1.26888872e-02  -3.02928575e-01  -5.98375290e-02]
 [ -1.07017189e-03   4.65753387e-02   7.13479742e-03]
 [  2.97891724e+00  -2.40581213e+00   9.56257787e-01]
 [ -1.62552442e+00   1.02166805e+00  -3.68213351e-01]
 [  2.46486247e-01   2.11701553e-01   5.49349607e-02]
 [  4.41173911e-01   8.69905763e+00   2.39441516e-01]
 [ -1.73073538e-01  -5.05330751e+00  -4.12356313e-02]
 [  1.92854736e-02   8.07139989e-01   2.16522359e-03]
 [  5.90940133e-02  -1.00426854e+00   6.61124965e-02]
 [  5.41107202e-03  -9.11473699e-02  -5.04534150e-02]
 [ -1.87482537e-03   4.20157757e-02   7.32053561e-03]
 [  1.48934976e+00  -3.01306975e-01  -4.51911030e-01]
 [ -1.06988117e+00   9.83490427e-01   1.02900327e-02]
 [  1.72672439e-01   4.64190577e-02   1.23618985e-02]
 [ -9.42874878e-02   2.87811797e+00  -8.01714762e-02]
 [ -3.39712965e-02  -2.37801642e+00   2.02007654e-02]
 [  6.36646496e-03   4.15717141e-01  -2.21020131e-03]
 [  1.35709034e-01  -2.07738183e+00  -1.37410186e-01]
 [ -1.19526446e-02   3.12747089e-01   1.15323001e-02]
 [ -7.03034723e-04  -7.52010449e-03   7.12173071e-04]
 [  2.23131666e-01  -2.62763408e+00   4.04597642e-01]
 [ -2.92224282e-01   1.13152812e+00  -7.73888606e-02]
 [  5.29321451e-02  -9.20879364e-02   7.74724028e-03]
 [ -4.89053970e-02   8.76842060e-01   4.16955896e-02]
 [  1.64690417e-03  -5.93994704e-01  -5.40771306e-04]
 [  6.19084897e-04   1.06515019e-01  -4.64244898e-04]
 [  1.21801843e-01  -6.48358141e-01   1.16297911e-02]
 [ -1.88650707e-02   1.58430232e-01   8.85054317e-04]
 [  7.57217899e-04  -1.02110962e-02  -9.53095568e-07]]
8
0.0586010379218
[[  2.83818155e+00   1.45894946e+01   3.39230489e+00]
 [  6.87008712e-01  -1.86035054e+01  -3.97983981e-03]
 [ -3.14382133e-01   8.20655968e+00   2.69348011e-02]
 [  1.06385102e-01  -1.43409721e+01   4.47584949e-01]
 [  8.33631520e-01   1.08179948e+00   1.46162798e-01]
 [  1.49133235e-02  -3.77643835e+00   1.04429625e-01]
 [  8.50753072e-02  -3.14272440e-01  -1.11874111e-01]
 [ -2.81850469e+00  -3.14053708e+00  -1.69499600e+00]
 [  1.39814567e+00  -9.96737729e-01   8.01294274e-01]
 [ -3.07251323e-01   1.52439272e-01  -1.64203537e-01]
 [ -1.74067594e+00   2.29255306e+00  -1.10276146e+00]
 [ -5.82567304e-01  -5.41066583e+00  -3.17690622e-01]
 [ -5.92903468e-02   4.57265971e-01  -9.51495967e-03]
 [ -3.57837956e-01  -1.69948876e+00   8.61469384e-01]
 [  2.67514521e-01  -1.72869498e+00  -1.47998575e-02]
 [ -1.52857968e-01   1.38199895e+00   1.03071746e-01]
 [ -1.13360811e-01   3.36862287e+00  -5.29510985e-01]
 [  1.45839408e-02  -1.89144352e+00  -1.00624106e-01]
 [ -1.34217709e-01  -3.03436792e-01  -9.03437066e-02]
 [ -1.89302148e+00  -8.59907197e+00  -4.53310335e-01]
 [  1.25891750e+00   4.68858332e+00   4.62069390e-01]
 [ -3.87021403e-01  -1.16512268e-01  -1.72541192e-01]
 [  6.06412387e-01  -1.33773651e+01   4.53622293e-01]
 [ -1.20787398e-01   6.37768867e+00  -2.03266112e-01]
 [ -1.02750139e-01  -5.69136882e-01  -2.83587113e-02]
 [ -1.98378585e-01  -7.33710140e+00  -3.61357007e-01]
 [ -6.85258090e-02   3.46951157e+00  -6.87877408e-03]
 [ -8.91872926e-03  -4.07920366e-01  -3.38914752e-03]
 [  1.24076232e+00  -1.04219824e+00  -7.41159445e-02]
 [ -6.66450345e-01   8.31061111e-02  -5.08971591e-02]
 [  1.00745183e-01   2.08835351e-01   1.13513540e-02]
 [  9.92888206e-02   6.65220066e+00  -1.07670737e-01]
 [ -8.57456851e-02  -3.36608619e+00   3.48174846e-02]
 [  1.06066785e-02   5.10831437e-01  -4.03465096e-03]
 [ -4.96554784e-02   4.50123469e-01   1.66353867e-01]
 [  1.10758889e-02  -3.33185225e-01  -6.28163051e-02]
 [ -8.27760439e-04   5.06822427e-02   7.37844767e-03]
 [  2.79743963e+00  -2.68032969e+00   9.74234522e-01]
 [ -1.52908585e+00   1.12817600e+00  -3.62510765e-01]
 [  2.30813170e-01   2.14978070e-01   4.63232401e-02]
 [  5.71722197e-01   8.88808742e+00   1.33082058e-01]
 [ -2.32876735e-01  -5.11749907e+00   5.92752252e-03]
 [  2.64372034e-02   8.14392207e-01  -3.18628808e-03]
 [  7.20626661e-02  -9.51778616e-01   6.26217047e-02]
 [ -4.37565446e-03  -1.24170808e-01  -4.95196319e-02]
 [ -6.68292784e-04   4.71706128e-02   7.20199749e-03]
 [  1.34197103e+00  -6.33108519e-01  -5.78820457e-01]
 [ -1.01012469e+00   1.08784079e+00   1.75180148e-02]
 [  1.63932399e-01   4.44439133e-02   9.35135683e-03]
 [ -5.20453276e-02   3.03986074e+00  -1.60168652e-02]
 [ -6.59980543e-02  -2.42410774e+00   2.24763242e-02]
 [  1.07186601e-02   4.20238718e-01  -3.44888844e-03]
 [  1.48253447e-01  -2.01758354e+00  -8.58158391e-02]
 [ -1.99258028e-02   2.91030527e-01   2.68841275e-03]
 [  3.07478641e-04  -4.63990581e-03   1.25309817e-03]
 [  1.30837326e-01  -3.09155938e+00   1.46110386e-01]
 [ -2.59869795e-01   1.27214484e+00  -2.28993319e-02]
 [  4.91907842e-02  -1.04294275e-01   2.71722152e-03]
 [ -4.43027357e-02   9.69439021e-01   4.47143282e-02]
 [ -5.41393632e-03  -6.16938174e-01  -6.69956310e-04]
 [  1.73634913e-03   1.08533334e-01  -5.79126345e-04]
 [  1.23473569e-01  -6.14888349e-01   1.62659320e-02]
 [ -2.12203707e-02   1.48420096e-01  -1.78661887e-03]
 [  1.09569849e-03  -9.09808560e-03   2.54056959e-04]]
9
0.0468737249862
[[  2.88600086e+00   1.45526467e+01   3.43140185e+00]
 [  5.68422126e-01  -1.81908250e+01  -7.89799642e-02]
 [ -3.48294913e-01   8.24004252e+00   3.77721088e-02]
 [ -1.89680098e-03  -1.40497934e+01   3.41727254e-01]
 [  8.40361129e-01   8.92259432e-01   1.58680779e-01]
 [  4.70220768e-02  -3.75015848e+00   1.08627893e-01]
 [  7.94440314e-02  -2.69082955e-01  -8.74077412e-02]
 [ -2.83668443e+00  -3.15211504e+00  -1.73463548e+00]
 [  1.40451670e+00  -9.54655266e-01   8.12716332e-01]
 [ -3.11278023e-01   1.37580932e-01  -1.66071652e-01]
 [ -1.75875830e+00   2.25635374e+00  -1.38275097e+00]
 [ -4.20233795e-01  -5.33880333e+00  -2.81330509e-01]
 [ -4.01534814e-02   4.79848831e-01   1.06700502e-02]
 [ -2.77378118e-01  -1.68568204e+00   8.46956055e-01]
 [  3.25752843e-01  -1.89851492e+00   2.02621725e-02]
 [ -1.52860003e-01   1.28400886e+00   9.75400469e-02]
 [ -8.57968160e-02   3.10770701e+00  -7.30232141e-01]
 [  5.00322448e-02  -1.78669291e+00   1.70834779e-02]
 [ -1.28252323e-01  -2.35929831e-01  -1.08190734e-01]
 [ -1.77542029e+00  -9.22723164e+00  -3.90714760e-01]
 [  1.22984343e+00   4.94589719e+00   4.32081929e-01]
 [ -3.90508943e-01  -1.62756955e-01  -1.69278612e-01]
 [  6.90682034e-01  -1.35994984e+01   4.73538464e-01]
 [ -1.54727942e-01   6.50427460e+00  -2.30903446e-01]
 [ -1.02213139e-01  -5.94671831e-01  -2.41061755e-02]
 [ -9.05657392e-02  -7.78315850e+00  -3.27676050e-01]
 [ -1.01467104e-01   3.60238887e+00  -1.89322685e-02]
 [ -6.19018339e-03  -4.23314439e-01  -1.57891228e-03]
 [  1.24657729e+00  -7.97064544e-01  -6.40941306e-02]
 [ -6.70785889e-01  -1.44922033e-02  -5.91265338e-02]
 [  1.03181378e-01   2.21984558e-01   6.78106572e-03]
 [  8.10739431e-03   6.60453576e+00  -1.02196049e-01]
 [ -3.38509533e-02  -3.34722347e+00   3.32516176e-02]
 [  3.22180129e-03   5.07076455e-01  -3.78863715e-03]
 [ -5.17299654e-02   3.92187301e-01   1.25879504e-01]
 [  1.54833845e-02  -3.09959808e-01  -4.35215409e-02]
 [ -1.39180856e-03   4.69190253e-02   5.34863367e-03]
 [  2.79621858e+00  -2.57754417e+00   1.31126395e+00]
 [ -1.52092963e+00   1.05138726e+00  -4.83056482e-01]
 [  2.33505307e-01   2.26949309e-01   5.09794714e-02]
 [  3.30974919e-01   8.92472872e+00   1.19190645e-01]
 [ -1.21933492e-01  -5.13280315e+00   1.01036056e-02]
 [  1.16388866e-02   8.13466360e-01  -3.56246146e-03]
 [  5.05220787e-02  -9.40477011e-01   1.69460942e-03]
 [  7.37241799e-03  -1.17585013e-01  -1.50014596e-02]
 [ -2.11233533e-03   4.41261766e-02   3.28363724e-03]
 [  1.22695760e+00  -6.39596733e-01  -4.10766470e-01]
 [ -9.65803889e-01   1.06555700e+00  -7.56378269e-02]
 [  1.61179287e-01   4.80390047e-02   1.67274482e-02]
 [ -1.73824706e-01   3.27346643e+00  -3.83695611e-02]
 [ -2.46542913e-03  -2.48715855e+00   2.95244980e-02]
 [  2.00256657e-03   4.24888584e-01  -4.22329959e-03]
 [  1.44996561e-01  -1.89914426e+00  -1.12231302e-01]
 [ -1.47651269e-02   2.67071356e-01   2.25237096e-02]
 [ -4.64468672e-04  -3.79024766e-03  -1.18746447e-03]
 [  1.00083578e-01  -2.82757604e+00   3.55734830e-01]
 [ -2.45662474e-01   1.19653530e+00  -9.30439901e-02]
 [  4.80007676e-02  -9.66050261e-02   9.40084527e-03]
 [ -8.29574134e-02   1.00781596e+00  -2.04399597e-02]
 [  1.28563139e-02  -6.40333996e-01   1.14618446e-02]
 [ -7.43361259e-04   1.10950457e-01  -1.55278175e-03]
 [  1.23958686e-01  -6.14515122e-01   1.74761389e-02]
 [ -2.04907911e-02   1.43738359e-01   2.92808586e-03]
 [  9.38177170e-04  -8.74988595e-03  -4.46730342e-04]]
10
0.0551565415979
[[  3.00595559e+00   1.45969158e+01   3.40659587e+00]
 [  3.64970364e-01  -1.77698215e+01   7.72478726e-02]
 [ -2.69552744e-01   8.15753660e+00  -1.14723374e-01]
 [  7.12122091e-03  -1.37733502e+01   5.32560814e-01]
 [  7.96134318e-01   6.90739239e-01  -4.57388409e-02]
 [  1.94563976e-02  -3.81828522e+00   8.42526447e-02]
 [  8.76772656e-02  -2.15904365e-01  -7.62026540e-02]
 [ -2.89571328e+00  -3.24781051e+00  -1.70617899e+00]
 [  1.40688221e+00  -9.18518463e-01   7.97634125e-01]
 [ -3.10394635e-01   1.41305356e-01  -1.60338652e-01]
 [ -1.67584244e+00   2.39948525e+00  -8.69590549e-01]
 [ -4.65502720e-01  -5.25539881e+00  -3.15107589e-01]
 [ -6.52400512e-02   6.57687174e-01  -4.49120802e-02]
 [ -2.96204410e-01  -2.26521260e+00   6.26902608e-01]
 [  2.82628478e-01  -1.78065043e+00   6.76013981e-02]
 [ -1.42063066e-01   1.41279319e+00   8.67788551e-02]
 [ -8.76511114e-02   3.23053496e+00  -4.00653955e-01]
 [  2.56473066e-02  -1.85859993e+00  -1.23539403e-01]
 [ -1.54302958e-01  -1.63277867e-01  -9.16431306e-02]
 [ -1.55600148e+00  -9.58388011e+00  -4.50800531e-01]
 [  1.13530297e+00   5.06803968e+00   4.47545909e-01]
 [ -3.77286159e-01  -1.63550612e-01  -1.65552367e-01]
 [  6.89270311e-01  -1.36237494e+01   5.96410591e-01]
 [ -1.92322573e-01   6.57342639e+00  -2.35221842e-01]
 [ -9.48955696e-02  -5.98714656e-01  -2.33541677e-02]
 [ -1.03422137e-01  -7.99667925e+00  -3.40445841e-01]
 [ -1.06763750e-01   3.68685154e+00  -2.06970481e-02]
 [ -4.77033117e-03  -4.32579068e-01  -1.26635691e-03]
 [  1.31265670e+00  -5.47937930e-01   1.45005777e-01]
 [ -7.03498414e-01  -9.98469189e-02  -1.40979321e-01]
 [  1.09679667e-01   2.31227292e-01   2.79839189e-02]
 [  5.86663304e-02   6.63268248e+00  -8.45967085e-02]
 [ -5.58763148e-02  -3.33822203e+00   2.62099585e-02]
 [  6.96814878e-03   5.06394971e-01  -2.98908503e-03]
 [ -6.45647489e-02   2.75134652e-01   1.31339544e-01]
 [  2.22582972e-02  -2.50175981e-01  -5.13288430e-02]
 [ -2.56951013e-03   3.95392523e-02   6.04474490e-03]
 [  2.74928106e+00  -2.48353147e+00   9.56428724e-01]
 [ -1.52055603e+00   9.93295177e-01  -4.27749353e-01]
 [  2.36945219e-01   2.33890820e-01   6.67672039e-02]
 [  4.17511452e-01   8.74291249e+00   1.00293073e-01]
 [ -1.57022835e-01  -5.05575870e+00   1.16702458e-02]
 [  1.73867358e-02   8.06455547e-01  -3.31890529e-03]
 [  6.27367802e-02  -1.21339856e+00   6.68206531e-02]
 [  9.42730720e-03   6.55434353e-04  -4.33362866e-02]
 [ -3.06949842e-03   3.01331548e-02   6.06960881e-03]
 [  1.22098933e+00  -8.50632697e-02  -3.65744668e-01]
 [ -9.57497956e-01   9.37427294e-01  -5.08448047e-02]
 [  1.60920281e-01   5.89424597e-02   2.22114871e-02]
 [ -1.05398967e-01   3.05931750e+00  -1.17249924e-01]
 [ -2.57218587e-02  -2.41056102e+00   4.53604892e-02]
 [  5.32833993e-03   4.17657440e-01  -5.21378641e-03]
 [  1.41194977e-01  -2.08789750e+00  -8.52462370e-02]
 [ -1.33904206e-02   3.42703883e-01   5.55254350e-03]
 [ -8.31696372e-04  -1.25162608e-02   7.58042205e-04]
 [  1.43856037e-01  -2.79322630e+00   1.28643775e-01]
 [ -2.55892002e-01   1.17654532e+00  -2.79668537e-02]
 [  4.88817810e-02  -9.46083598e-02   4.86593499e-03]
 [ -5.06626366e-02   9.95936657e-01   2.73638599e-02]
 [  3.55993130e-03  -6.23914876e-01   6.30774523e-03]
 [  3.62762259e-04   1.09031137e-01  -1.26386131e-03]
 [  1.34687706e-01  -6.86100763e-01   8.27932240e-03]
 [ -2.17749926e-02   1.67802532e-01   8.32928681e-04]
 [  9.60909109e-04  -1.13807335e-02  -1.09277787e-05]]
11
0.0911085064255
[[  2.98122441e+00   1.48550614e+01   3.35135909e+00]
 [  7.04486313e-01  -1.84082022e+01   4.95695454e-02]
 [ -4.30075530e-01   8.88558621e+00  -4.07286955e-02]
 [  5.65565904e-02  -1.40411863e+01   5.03795980e-01]
 [  6.29477791e-01   1.46681735e+00   1.79099939e-01]
 [ -3.76539080e-02  -3.78369020e+00   4.87727488e-02]
 [  1.17441796e-01  -3.46627642e-01  -9.55558422e-02]
 [ -2.92526067e+00  -3.41077863e+00  -1.65724192e+00]
 [  1.42403619e+00  -8.02262664e-01   7.70906953e-01]
 [ -3.07912556e-01   9.95305583e-02  -1.50882259e-01]
 [ -1.78369384e+00   2.11968437e+00  -1.22009713e+00]
 [ -5.01534532e-01  -5.41255324e+00  -4.50898395e-01]
 [ -4.38194519e-02   4.98196539e-01  -3.36526794e-02]
 [ -5.62539303e-01  -1.28750815e+00   9.80011072e-01]
 [  2.80729143e-01  -1.85462981e+00   6.48905078e-02]
 [ -1.58807794e-01   1.40287780e+00   6.38887903e-02]
 [ -1.79041878e-02   3.12870748e+00  -6.70869896e-01]
 [  8.43624292e-04  -1.88361857e+00  -8.12401291e-02]
 [ -1.25352982e-01  -2.79519263e-01  -1.44422869e-01]
 [ -1.89519818e+00  -9.27589547e+00  -4.48751091e-01]
 [  1.25110447e+00   5.13831917e+00   4.37855280e-01]
 [ -3.83493140e-01  -2.25141472e-01  -1.53228520e-01]
 [  7.81727206e-01  -1.43236944e+01   4.75532502e-01]
 [ -1.79257356e-01   6.78592139e+00  -1.93001816e-01]
 [ -9.53590513e-02  -6.46354020e-01  -2.22206929e-02]
 [ -6.95920815e-02  -7.94820871e+00  -3.58798682e-01]
 [ -1.14629255e-01   3.68804084e+00   3.00253075e-03]
 [ -3.51621455e-03  -4.38928606e-01  -3.56191294e-03]
 [  1.52497437e+00  -1.56247574e+00  -8.57465068e-02]
 [ -7.90448418e-01   3.38384045e-01  -5.61968784e-02]
 [  1.16190880e-01   1.57184005e-01   1.20016950e-02]
 [  1.41880460e-01   6.65080651e+00   9.74052881e-03]
 [ -9.35991431e-02  -3.37791015e+00  -2.38257006e-02]
 [  1.13787964e-02   5.12210149e-01   3.49773371e-03]
 [ -9.07343601e-02   4.84162917e-01   1.46847475e-01]
 [  2.90254385e-02  -3.52521651e-01  -5.70058294e-02]
 [ -3.04332716e-03   5.33449577e-02   6.63029095e-03]
 [  3.06505007e+00  -2.97267800e+00   1.05814397e+00]
 [ -1.70221549e+00   1.44572616e+00  -3.86690126e-01]
 [  2.54713318e-01   1.35189376e-01   4.81903460e-02]
 [  4.86349448e-01   8.90898006e+00   3.21903466e-01]
 [ -2.01750384e-01  -5.15853917e+00  -9.02629666e-02]
 [  2.30963760e-02   8.20177879e-01   9.41251941e-03]
 [  3.92053957e-02  -9.71178135e-01   6.05410346e-02]
 [  1.89369370e-02  -1.42017244e-01  -4.67035540e-02]
 [ -3.95173317e-03   5.06552447e-02   6.63723159e-03]
 [  1.61520471e+00  -1.19212294e+00  -6.18254095e-01]
 [ -1.13799494e+00   1.35767892e+00   1.58209128e-02]
 [  1.80454347e-01  -8.92438867e-03   9.92421471e-03]
 [ -1.06865240e-01   3.14364335e+00  -4.22529884e-02]
 [ -3.80242271e-02  -2.47340083e+00  -4.44599046e-03]
 [  7.22705212e-03   4.26478363e-01   1.56631124e-03]
 [  1.48420002e-01  -2.04172101e+00  -7.75605033e-02]
 [ -1.06619338e-02   2.84407003e-01   2.60580230e-03]
 [ -1.28040918e-03  -2.92341712e-03   1.11126636e-03]
 [  1.15761878e-01  -2.96490006e+00   2.79794890e-01]
 [ -2.82306848e-01   1.27998676e+00  -5.91060419e-02]
 [  5.31705390e-02  -1.12387431e-01   6.36535416e-03]
 [ -4.51483956e-02   9.85152951e-01  -6.89659221e-04]
 [  1.21252816e-03  -6.32115996e-01   3.66464896e-03]
 [  6.51117101e-04   1.10721978e-01  -2.91788385e-04]
 [  1.24522998e-01  -6.36487636e-01   3.73853581e-02]
 [ -1.95491382e-02   1.49741158e-01  -4.23902959e-03]
 [  7.43715894e-04  -8.88349449e-03   3.45406512e-04]]
12
0.0813983897275
[[  2.62627342e+00   1.46532423e+01   3.30815137e+00]
 [  8.28955267e-01  -1.77032053e+01   1.79848753e-01]
 [ -4.30398607e-01   8.06316461e+00  -1.30787702e-01]
 [  1.48168296e-01  -1.35755779e+01   4.46884751e-01]
 [  9.94635929e-01   7.02430711e-01   4.69129223e-02]
 [  1.17474490e-02  -3.78677001e+00   8.39840210e-02]
 [  8.57251296e-02  -2.89268180e-01  -4.66287205e-02]
 [ -2.62764333e+00  -3.37708730e+00  -1.64677127e+00]
 [  1.31133066e+00  -8.01772912e-01   7.71915992e-01]
 [ -2.86641048e-01   1.02627902e-01  -1.53700796e-01]
 [ -1.80457798e+00   2.55129305e+00  -1.14463209e+00]
 [ -5.03702011e-01  -5.16710223e+00  -3.64502550e-01]
 [ -4.73885551e-02   5.52600917e-01  -3.55057776e-02]
 [ -2.29108449e-01  -1.85537735e+00   7.36615110e-01]
 [  2.89946243e-01  -2.00751263e+00   1.28215502e-01]
 [ -1.25343730e-01   1.33526119e+00   1.07493296e-01]
 [ -1.51109483e-01   3.21343375e+00  -4.87133664e-01]
 [  4.86474132e-02  -1.71033694e+00  -5.57009295e-02]
 [ -1.49496669e-01  -1.86993926e-01  -1.58283899e-01]
 [ -1.97541563e+00  -9.77917190e+00  -5.77934922e-01]
 [  1.26325417e+00   5.20978190e+00   4.76896162e-01]
 [ -3.72541899e-01  -2.20895671e-01  -1.62561131e-01]
 [  6.46211690e-01  -1.35367715e+01   5.34016800e-01]
 [ -1.01101145e-01   6.54645382e+00  -2.03447874e-01]
 [ -1.00439764e-01  -6.15949844e-01  -2.44870059e-02]
 [ -1.70269158e-01  -8.31979896e+00  -3.34188292e-01]
 [ -6.57930542e-02   3.75243322e+00  -5.12587400e-03]
 [ -9.00142093e-03  -4.41586189e-01  -3.17087444e-03]
 [  1.03668431e+00  -6.13393967e-01   8.74303316e-02]
 [ -5.67648844e-01  -7.76968358e-02  -1.21585348e-01]
 [  7.73696538e-02   2.38835231e-01   1.98506473e-02]
 [  7.50326950e-02   6.63190102e+00  -6.92424639e-02]
 [ -6.61310407e-02  -3.36453223e+00   2.02130937e-02]
 [  6.91205179e-03   5.10684212e-01  -2.47046237e-03]
 [ -6.37032137e-02   4.05931292e-01   7.62439103e-02]
 [  1.96261171e-02  -3.19803124e-01  -2.58193394e-02]
 [ -1.61660340e-03   4.87574636e-02   2.59512527e-03]
 [  2.75527171e+00  -2.79876165e+00   1.17484997e+00]
 [ -1.43707209e+00   1.11085374e+00  -4.67986379e-01]
 [  1.98953653e-01   2.36433189e-01   6.00014411e-02]
 [  4.79714449e-01   8.76141669e+00   1.74547159e-01]
 [ -1.92977290e-01  -5.11464509e+00  -1.27598939e-02]
 [  2.01624806e-02   8.15601702e-01  -8.82305560e-04]
 [  3.46378848e-02  -1.03223914e+00   5.19640712e-03]
 [  1.39811129e-02  -1.08355596e-01  -8.01117843e-03]
 [ -2.44458749e-03   4.50880311e-02   1.04843845e-03]
 [  1.21400165e+00  -6.37851797e-01  -3.74565232e-01]
 [ -9.41161216e-01   1.12234975e+00  -6.63399361e-02]
 [  1.45472461e-01   4.67624900e-02   2.02257093e-02]
 [ -8.97230108e-02   3.29166575e+00  -1.27049270e-01]
 [ -4.75505502e-02  -2.49517730e+00   3.90192832e-02]
 [  7.75353802e-03   4.27373515e-01  -4.18086708e-03]
 [  1.13425811e-01  -1.98870147e+00  -1.23483527e-01]
 [ -6.81645411e-03   2.82151317e-01   2.46692582e-02]
 [ -9.54971182e-04  -4.10858249e-03  -1.87806215e-03]
 [  1.97134324e-01  -2.98425295e+00   2.22675158e-01]
 [ -2.70587503e-01   1.26758183e+00  -5.99363047e-02]
 [  4.74205574e-02  -1.03910692e-01   7.60205205e-03]
 [ -7.34625792e-02   9.83085452e-01  -1.29047099e-02]
 [  2.81863471e-03  -6.42908706e-01   1.16225263e-02]
 [  7.65775936e-04   1.12025067e-01  -1.47853462e-03]
 [  1.23182708e-01  -6.66144720e-01   3.69273262e-02]
 [ -1.85623474e-02   1.52889799e-01  -2.96510480e-04]
 [  7.57833147e-04  -9.18417328e-03  -3.00307001e-04]]
13
0.0624093303606
[[  2.86796565e+00   1.48077566e+01   3.33503230e+00]
 [  6.55790978e-01  -1.76775481e+01   1.11210787e-01]
 [ -4.24205167e-01   8.35448905e+00  -4.43261972e-02]
 [  5.39365429e-02  -1.38067254e+01   5.19875458e-01]
 [  8.60099552e-01   6.93632196e-01   1.09538440e-01]
 [ -1.29929628e-02  -3.82377562e+00   1.03775251e-01]
 [  7.39518779e-02  -2.38297159e-01  -9.88649666e-02]
 [ -2.84952424e+00  -3.46193683e+00  -1.66557016e+00]
 [  1.40699841e+00  -7.99046902e-01   7.84536261e-01]
 [ -3.11037792e-01   1.12867195e-01  -1.53552236e-01]
 [ -1.94727825e+00   2.06350685e+00  -1.14759657e+00]
 [ -5.26397274e-01  -5.43657207e+00  -4.00606519e-01]
 [ -5.81799669e-02   5.26634131e-01  -1.49756972e-02]
 [ -3.44239524e-01  -2.13169749e+00   8.36311086e-01]
 [  2.73538142e-01  -1.71588303e+00   5.99637883e-02]
 [ -1.76512909e-01   1.39226243e+00   1.15182853e-01]
 [ -1.28575756e-01   3.21442753e+00  -7.22655226e-01]
 [  2.92827801e-02  -1.84110059e+00  -1.01082745e-01]
 [ -1.29140688e-01  -2.95654061e-01  -8.58346201e-02]
 [ -1.83059990e+00  -9.86562797e+00  -5.35799370e-01]
 [  1.22486477e+00   5.26958960e+00   4.82549058e-01]
 [ -3.87537962e-01  -2.15189369e-01  -1.60269341e-01]
 [  7.76562607e-01  -1.39534553e+01   4.52096924e-01]
 [ -1.91086449e-01   6.74071952e+00  -1.73530715e-01]
 [ -9.68522038e-02  -6.34199768e-01  -2.54530904e-02]
 [ -1.22085803e-01  -7.98021112e+00  -4.14301962e-01]
 [ -1.01469627e-01   3.69567875e+00   2.20121827e-02]
 [ -5.41525403e-03  -4.37751879e-01  -5.49194468e-03]
 [  1.25593496e+00  -4.81497628e-01  -6.05096340e-02]
 [ -6.92002868e-01  -1.49575868e-01  -4.79207040e-02]
 [  1.03627838e-01   2.34864505e-01   1.13911545e-02]
 [  1.29441165e-01   6.71362358e+00  -8.18454120e-02]
 [ -9.60608682e-02  -3.40505384e+00   1.84560196e-02]
 [  1.21826478e-02   5.16092735e-01  -2.75432722e-03]
 [ -3.33066408e-02   3.28496963e-01   1.61734915e-01]
 [  5.35395767e-03  -2.83069921e-01  -6.53578887e-02]
 [  1.03118501e-05   4.42246179e-02   8.00036128e-03]
 [  3.06146879e+00  -2.04102697e+00   9.91856882e-01]
 [ -1.64504979e+00   7.92973155e-01  -3.48138474e-01]
 [  2.44289681e-01   2.53813339e-01   4.52459573e-02]
 [  5.22011721e-01   8.95975397e+00   2.16301344e-01]
 [ -2.21774264e-01  -5.19261264e+00  -3.27955552e-02]
 [  2.61393871e-02   8.25890559e-01   3.31184692e-04]
 [  8.03784535e-02  -1.09437527e+00   6.24502247e-02]
 [ -7.41829244e-03  -5.58507821e-02  -5.45584582e-02]
 [ -7.81970058e-05   3.78921058e-02   8.27653217e-03]
 [  1.43211682e+00  -6.99035570e-02  -5.86397349e-01]
 [ -1.07776906e+00   8.48979153e-01   4.10176032e-02]
 [  1.73237747e-01   7.08805671e-02   6.66493138e-03]
 [ -8.45011030e-02   3.05152683e+00  -5.81006196e-02]
 [ -5.27951694e-02  -2.46887879e+00   1.50658122e-02]
 [  9.49826297e-03   4.27961891e-01  -2.19236362e-03]
 [  1.65628647e-01  -2.06336044e+00  -1.02045487e-01]
 [ -2.22800723e-02   3.20258523e-01   3.14640559e-03]
 [  4.94424015e-04  -8.93355583e-03   1.60859919e-03]
 [  1.54934430e-01  -2.75688934e+00   2.87046180e-01]
 [ -2.80621940e-01   1.14350839e+00  -4.14672871e-02]
 [  5.23110657e-02  -9.02654454e-02   3.55483056e-03]
 [ -6.11130937e-02   9.25896834e-01   2.21183793e-02]
 [  7.76441814e-04  -6.21478274e-01   1.00422643e-03]
 [  1.07917399e-03   1.10319215e-01  -5.01314921e-04]
 [  1.26127416e-01  -6.28752250e-01   4.63290602e-03]
 [ -2.16476274e-02   1.56304747e-01   2.55583153e-04]
 [  1.10493060e-03  -1.02248109e-02   1.85876051e-04]]
14
0.0516382163057
[[  2.82559996e+00   1.47995193e+01   3.47003164e+00]
 [  5.11455765e-01  -1.81121401e+01  -1.68751533e-02]
 [ -3.33938782e-01   8.89081326e+00  -1.49384676e-02]
 [ -6.52531829e-02  -1.39803700e+01   3.29386021e-01]
 [  9.25485019e-01   1.06853657e+00   1.08915617e-01]
 [  2.40000527e-02  -3.75100566e+00   8.91272842e-02]
 [  8.68349029e-02  -2.92220371e-01  -6.93611558e-02]
 [ -2.78739381e+00  -3.36826970e+00  -1.79663357e+00]
 [  1.36985492e+00  -8.51318625e-01   8.49754542e-01]
 [ -3.01309913e-01   1.27518598e-01  -1.69242514e-01]
 [ -1.98692172e+00   2.10614538e+00  -1.25412676e+00]
 [ -4.65497381e-01  -5.32873143e+00  -4.03561985e-01]
 [ -5.84258847e-02   4.29159651e-01  -3.96313710e-02]
 [ -3.98300509e-01  -1.90273742e+00   8.26153189e-01]
 [  3.34112111e-01  -1.75621171e+00   1.00836994e-01]
 [ -1.56805806e-01   1.42560879e+00   1.24037838e-01]
 [ -1.41510699e-01   3.10201597e+00  -7.29761599e-01]
 [  3.28818118e-02  -1.62038538e+00  -1.13850373e-03]
 [ -1.04777243e-01  -3.54105823e-01  -9.58316789e-02]
 [ -1.66548157e+00  -9.57058495e+00  -4.90844544e-01]
 [  1.15930680e+00   5.21387821e+00   5.04633850e-01]
 [ -3.72025822e-01  -1.97760166e-01  -1.76809414e-01]
 [  7.01695831e-01  -1.45442775e+01   4.40079577e-01]
 [ -1.77246502e-01   6.93530150e+00  -1.74343301e-01]
 [ -9.40765877e-02  -6.49294251e-01  -3.17630787e-02]
 [ -3.48236908e-02  -8.06735029e+00  -3.13127934e-01]
 [ -1.15667307e-01   3.78403527e+00  -2.31176323e-03]
 [ -3.85631366e-03  -4.49250430e-01  -4.70164839e-03]
 [  1.15829685e+00  -1.04776436e+00  -4.04323561e-02]
 [ -6.49808021e-01   1.26996955e-01  -6.20856047e-02]
 [  9.59196729e-02   1.82575377e-01   1.21702904e-02]
 [  5.97917051e-02   6.63522323e+00  -3.60751306e-02]
 [ -6.09215177e-02  -3.37697178e+00  -9.86712485e-03]
 [  7.23857990e-03   5.12154019e-01   2.26864879e-03]
 [ -4.75821528e-02   4.25283487e-01   1.31115943e-01]
 [  1.17791293e-02  -3.29672674e-01  -5.62796394e-02]
 [ -6.83768251e-04   5.03097926e-02   7.02331624e-03]
 [  3.11111682e+00  -2.40259450e+00   1.15698877e+00]
 [ -1.65696376e+00   1.08990561e+00  -4.21472005e-01]
 [  2.41517733e-01   1.83070379e-01   5.23117721e-02]
 [  4.00618017e-01   8.85861914e+00   2.66469459e-01]
 [ -1.59378085e-01  -5.15164612e+00  -6.91852821e-02]
 [  1.73757564e-02   8.19577796e-01   7.28887830e-03]
 [  6.99900830e-02  -9.57166375e-01   6.60598364e-02]
 [  2.26929756e-03  -1.25660343e-01  -5.02600300e-02]
 [ -1.31847175e-03   4.72517550e-02   7.49498597e-03]
 [  1.52702283e+00  -3.44460553e-01  -5.13941481e-01]
 [ -1.11917873e+00   1.00479809e+00  -9.44894267e-03]
 [  1.76492246e-01   3.43379846e-02   1.26735881e-02]
 [ -1.67518071e-01   3.06585316e+00  -6.29544998e-02]
 [ -1.45352017e-02  -2.45932197e+00   4.86441040e-03]
 [  4.30641024e-03   4.25392391e-01   4.91679372e-04]
 [  1.49477167e-01  -2.06129139e+00  -1.02782436e-01]
 [ -1.44779210e-02   2.97601643e-01   4.62038693e-03]
 [ -4.49014696e-04  -5.08549406e-03   1.32224745e-03]
 [  1.71860883e-01  -2.60787680e+00   3.33134000e-01]
 [ -2.94647593e-01   1.11224374e+00  -6.83077644e-02]
 [  5.39801059e-02  -9.15718552e-02   6.94296352e-03]
 [ -7.63385265e-02   8.07107720e-01  -2.84745300e-02]
 [  1.02050724e-02  -5.99777222e-01   7.84220438e-03]
 [ -2.81517898e-04   1.08425204e-01  -6.12204886e-04]
 [  1.11543817e-01  -6.04727795e-01   1.12685401e-02]
 [ -1.76334787e-02   1.48726059e-01  -4.64820573e-04]
 [  6.91521483e-04  -9.26801051e-03   1.84131110e-04]]
15
0.0596102549191
[[  2.93475317e+00   1.43334118e+01   3.30727906e+00]
 [  5.45525395e-01  -1.85244567e+01  -6.86860936e-03]
 [ -2.71747876e-01   8.31274573e+00   3.12025238e-02]
 [  1.84940636e-02  -1.41225459e+01   2.72329536e-01]
 [  9.51422481e-01   1.23675598e+00   4.53558886e-02]
 [  1.63768827e-03  -3.78105505e+00   9.97543908e-02]
 [  6.88469922e-02  -3.69098062e-01  -3.59544705e-02]
 [ -2.87932178e+00  -2.89723393e+00  -1.62508139e+00]
 [  1.42199516e+00  -1.10338953e+00   7.65841066e-01]
 [ -3.13440965e-01   1.74472713e-01  -1.50132982e-01]
 [ -1.97239844e+00   2.08491629e+00  -1.04834154e+00]
 [ -4.65325712e-01  -5.27528365e+00  -3.46057580e-01]
 [ -5.46079857e-02   4.92165749e-01   6.42830955e-03]
 [ -2.25912219e-01  -1.60903668e+00   6.42855288e-01]
 [  2.99594133e-01  -1.83507368e+00   9.44313424e-02]
 [ -1.55212472e-01   1.41152693e+00   1.27270236e-01]
 [ -6.92710150e-02   3.03090483e+00  -7.47922603e-01]
 [  2.08246818e-02  -1.71660417e+00  -2.72911833e-03]
 [ -1.53104392e-01  -2.99856216e-01  -3.84247765e-02]
 [ -1.79258984e+00  -8.62931649e+00  -4.76874451e-01]
 [  1.24402944e+00   4.65962222e+00   4.81301996e-01]
 [ -3.92488245e-01  -9.62670688e-02  -1.60495283e-01]
 [  6.21724437e-01  -1.36059723e+01   3.20055715e-01]
 [ -1.35672241e-01   6.47304648e+00  -1.21352441e-01]
 [ -1.04256507e-01  -5.73329681e-01  -3.21755074e-02]
 [ -1.46012998e-01  -7.66519811e+00  -2.32456671e-01]
 [ -8.25722783e-02   3.58089744e+00  -1.01222864e-02]
 [ -8.35039055e-03  -4.18629314e-01  -3.78971648e-03]
 [  1.15381374e+00  -1.20098127e+00  -1.13661757e-02]
 [ -6.53927342e-01   1.34753450e-01  -5.18164528e-02]
 [  1.02141449e-01   2.00340413e-01   7.71578851e-03]
 [  7.96279021e-02   6.65157812e+00  -8.34040583e-02]
 [ -6.92702847e-02  -3.37277912e+00   2.28605513e-02]
 [  8.01755962e-03   5.12982149e-01  -3.03242809e-03]
 [ -3.68967276e-02   5.05874637e-01   7.79038479e-02]
 [  8.10541122e-03  -3.51643197e-01  -3.05050135e-02]
 [ -4.54271013e-04   5.21243691e-02   3.35568670e-03]
 [  3.02917300e+00  -2.56072765e+00   9.66833289e-01]
 [ -1.60881184e+00   1.13723987e+00  -3.42885665e-01]
 [  2.44233298e-01   2.04615946e-01   3.77849420e-02]
 [  4.23299171e-01   8.81270624e+00   1.97340170e-01]
 [ -1.77228170e-01  -5.11692555e+00  -2.28917256e-02]
 [  1.95764512e-02   8.17079261e-01  -3.58995510e-04]
 [  5.93769679e-02  -9.63189198e-01   8.51472360e-03]
 [  1.17698468e-03  -1.31264248e-01  -1.74912103e-02]
 [ -1.24519820e-03   4.75042159e-02   2.52134109e-03]
 [  1.27773790e+00  -7.43074748e-01  -3.78622741e-01]
 [ -1.01865660e+00   1.14641925e+00  -1.57997971e-02]
 [  1.69213885e-01   3.09606441e-02   8.21149105e-03]
 [ -1.32433291e-01   3.11087661e+00  -4.60059421e-02]
 [ -3.11136315e-02  -2.44554244e+00   1.52624060e-02]
 [  6.33382056e-03   4.23402175e-01  -2.20805266e-03]
 [  1.41483508e-01  -2.04412670e+00  -1.09860913e-01]
 [ -1.51718976e-02   2.93099860e-01   1.62613090e-02]
 [ -3.30813149e-04  -5.03165082e-03  -7.73432998e-04]
 [  8.41240451e-02  -2.71650057e+00   3.88593815e-01]
 [ -2.53751079e-01   1.18432609e+00  -8.12156943e-02]
 [  4.98525130e-02  -9.85556521e-02   7.10615127e-03]
 [ -6.54951675e-02   8.90936236e-01  -7.10396102e-03]
 [  4.59036971e-03  -6.09009858e-01   5.18568401e-03]
 [  4.61828639e-04   1.08599308e-01  -7.73192936e-04]
 [  1.34498572e-01  -6.24084013e-01  -1.30558668e-02]
 [ -2.19986514e-02   1.50259418e-01   5.00209255e-03]
 [  1.02711619e-03  -9.36050756e-03  -4.40018861e-04]]
16
0.059113662342
[[  2.92424804e+00   1.42217265e+01   3.29316768e+00]
 [  6.93128945e-01  -1.80324728e+01  -4.02115724e-04]
 [ -3.12890446e-01   8.49791940e+00  -6.40116974e-02]
 [  3.39939096e-02  -1.37332505e+01   4.86102548e-01]
 [  8.62553461e-01   1.08112582e+00   2.88193625e-02]
 [  3.23215659e-02  -3.69284863e+00   1.03102069e-01]
 [  7.32039427e-02  -3.00794121e-01  -4.31657952e-02]
 [ -2.89826763e+00  -2.80276908e+00  -1.58400364e+00]
 [  1.43706130e+00  -1.14498305e+00   7.31221207e-01]
 [ -3.17100785e-01   1.93279108e-01  -1.44852955e-01]
 [ -1.99317922e+00   2.40625634e+00  -9.03995826e-01]
 [ -4.48773548e-01  -5.09812112e+00  -2.68546235e-01]
 [ -8.83571864e-03   5.27613461e-01  -1.20266322e-02]
 [ -2.95963143e-01  -2.22320051e+00   6.89223570e-01]
 [  2.86969856e-01  -1.68576495e+00   2.63165722e-02]
 [ -1.66676616e-01   1.44498985e+00   1.10154089e-01]
 [ -2.94989659e-02   3.21685684e+00  -5.75273341e-01]
 [  1.35334704e-02  -1.91493434e+00  -4.18645998e-02]
 [ -1.15080733e-01  -2.75111540e-01  -3.32387898e-02]
 [ -1.94517567e+00  -9.17152248e+00  -3.56188598e-01]
 [  1.29668331e+00   4.85177624e+00   3.80497122e-01]
 [ -4.00925576e-01  -9.55438224e-02  -1.44299236e-01]
 [  6.30970838e-01  -1.40551442e+01   5.28603434e-01]
 [ -1.29236799e-01   6.69736552e+00  -2.30403450e-01]
 [ -1.06547169e-01  -5.89537584e-01  -1.63530544e-02]
 [ -1.30281211e-01  -8.05650128e+00  -3.50063961e-01]
 [ -9.21445271e-02   3.73125638e+00  -1.00923228e-02]
 [ -7.25106077e-03  -4.33503916e-01  -1.17436977e-03]
 [  1.28788636e+00  -1.10919545e+00   1.09215589e-02]
 [ -7.12543760e-01   1.51907190e-01  -6.89109514e-02]
 [  1.10449172e-01   1.82463463e-01   1.25638957e-02]
 [  3.48252344e-02   6.40091865e+00  -1.20466500e-01]
 [ -4.75339036e-02  -3.22804700e+00   5.11789320e-02]
 [  5.33343552e-03   4.93209426e-01  -7.38438826e-03]
 [ -4.74198253e-02   3.89724007e-01   9.06273577e-02]
 [  1.46958407e-02  -2.90541909e-01  -3.32691991e-02]
 [ -1.39644170e-03   4.40813987e-02   3.80682388e-03]
 [  3.09467915e+00  -2.70806237e+00   8.56797247e-01]
 [ -1.65367729e+00   1.17173823e+00  -3.38137481e-01]
 [  2.51579597e-01   1.79170306e-01   4.37520871e-02]
 [  3.78479653e-01   8.38307073e+00   7.92205989e-02]
 [ -1.45257553e-01  -4.86892324e+00   3.87467480e-02]
 [  1.51915524e-02   7.83110620e-01  -9.12178161e-03]
 [  2.17285279e-02  -1.04973776e+00   3.82938020e-02]
 [  1.45530110e-02  -5.80633415e-02  -2.35896603e-02]
 [ -2.85781005e-03   3.68857134e-02   3.27741750e-03]
 [  1.37878580e+00  -8.61266759e-02  -4.88065547e-01]
 [ -1.05627173e+00   9.44047792e-01   1.19728275e-02]
 [  1.73851112e-01   4.19099774e-02   8.47371462e-03]
 [ -1.33205775e-01   2.85622186e+00  -5.37141297e-02]
 [ -1.75980708e-02  -2.30328965e+00   4.13836729e-02]
 [  4.08733170e-03   4.03922364e-01  -6.69223287e-03]
 [  1.41374662e-01  -2.06795066e+00  -8.53414357e-02]
 [ -1.16147931e-02   3.24664338e-01   1.11614611e-02]
 [ -9.07051665e-04  -9.95158562e-03  -2.58145151e-04]
 [  4.42453384e-02  -2.74655658e+00   2.24160437e-01]
 [ -2.48672060e-01   1.14253729e+00  -3.98415262e-02]
 [  4.97837293e-02  -9.34549849e-02   3.84430240e-03]
 [ -5.05190276e-02   9.62196234e-01   1.20174725e-02]
 [  4.50443996e-03  -5.94143032e-01   7.34294174e-03]
 [  1.31811983e-04   1.04910147e-01  -1.57221903e-03]
 [  1.16966122e-01  -6.29313170e-01  -9.44840186e-03]
 [ -1.90084124e-02   1.57216394e-01   3.77121852e-03]
 [  7.93984314e-04  -1.04983887e-02  -2.97674566e-04]]
17
0.076834129842
[[  2.81342561e+00   1.45575908e+01   3.17825829e+00]
 [  6.74974648e-01  -1.89046265e+01   9.74440495e-02]
 [ -4.37480247e-01   8.56727171e+00  -7.65647156e-02]
 [  2.61386837e-02  -1.45561328e+01   3.56386554e-01]
 [  7.39722175e-01   1.29056625e+00   1.99783499e-01]
 [ -4.07991438e-02  -3.77605059e+00   6.13654533e-02]
 [  1.12338379e-01  -3.38603462e-01  -9.91235126e-02]
 [ -2.78374614e+00  -3.04521025e+00  -1.53421319e+00]
 [  1.36668945e+00  -1.04553374e+00   7.28070922e-01]
 [ -2.98358695e-01   1.62209348e-01  -1.42267657e-01]
 [ -1.66292031e+00   2.19538613e+00  -1.25655049e+00]
 [ -4.75647320e-01  -5.31175006e+00  -4.01792972e-01]
 [ -3.90186550e-02   4.03521947e-01  -3.06765205e-02]
 [ -5.22398151e-01  -1.54350798e+00   7.63121078e-01]
 [  2.87761248e-01  -1.66814552e+00   1.44155822e-01]
 [ -1.52322454e-01   1.32923540e+00   1.38907058e-01]
 [ -2.31166774e-03   3.18665369e+00  -6.70119115e-01]
 [  1.56317992e-02  -1.86902965e+00  -1.17811364e-01]
 [ -1.22422244e-01  -2.92956118e-01  -1.44472966e-01]
 [ -1.83773175e+00  -8.42601136e+00  -4.95684682e-01]
 [  1.21575306e+00   4.66669963e+00   4.56917061e-01]
 [ -3.75397037e-01  -1.10313479e-01  -1.50491550e-01]
 [  7.72084757e-01  -1.37727889e+01   4.42546134e-01]
 [ -1.77057285e-01   6.51088678e+00  -1.59392745e-01]
 [ -9.43623587e-02  -5.80424997e-01  -2.47920994e-02]
 [ -9.13878424e-02  -7.31542482e+00  -2.36532371e-01]
 [ -1.01603144e-01   3.49967239e+00  -1.45760718e-02]
 [ -5.09046334e-03  -4.11133363e-01  -2.33745693e-03]
 [  1.35606711e+00  -1.32298789e+00  -1.14216587e-01]
 [ -7.08598884e-01   2.10483958e-01  -4.36952714e-02]
 [  1.01142092e-01   1.84482371e-01   1.15605862e-02]
 [  1.38635403e-01   6.61818066e+00  -3.05836208e-02]
 [ -9.00379229e-02  -3.34725144e+00  -2.40837645e-03]
 [  1.07590169e-02   5.06396623e-01  -9.02591454e-05]
 [ -9.13037978e-02   5.01429975e-01   1.46447135e-01]
 [  3.04433266e-02  -3.58585885e-01  -5.64409728e-02]
 [ -3.05172324e-03   5.36227523e-02   6.70084295e-03]
 [  2.84901375e+00  -2.79143025e+00   1.16458429e+00]
 [ -1.58278941e+00   1.25534463e+00  -4.13361802e-01]
 [  2.31228688e-01   1.81463889e-01   5.28816031e-02]
 [  4.53891384e-01   8.75188244e+00   2.33586527e-01]
 [ -1.90483049e-01  -5.07507729e+00  -5.28751283e-02]
 [  2.17707368e-02   8.06897512e-01   3.66445932e-03]
 [  2.35056395e-02  -8.52080125e-01   3.83337833e-02]
 [  2.50967533e-02  -1.71722383e-01  -3.89542761e-02]
 [ -4.32740469e-03   5.27215005e-02   6.02330766e-03]
 [  1.51622171e+00  -7.93840981e-01  -4.16724229e-01]
 [ -1.07564672e+00   1.16465865e+00  -2.73928394e-02]
 [  1.67715780e-01   2.61873442e-02   1.50066085e-02]
 [ -1.29805260e-01   2.94278330e+00  -1.20545055e-01]
 [ -2.99128711e-02  -2.39805094e+00   1.93326625e-02]
 [  6.36804079e-03   4.16291839e-01  -1.56511207e-03]
 [  1.32304747e-01  -1.95081071e+00  -1.39520277e-01]
 [ -5.15272352e-03   2.62090580e-01   1.66862664e-02]
 [ -1.69339953e-03  -1.28970438e-03  -1.76355910e-05]
 [  9.51996248e-02  -2.94989411e+00   3.48041524e-01]
 [ -2.67702535e-01   1.24169182e+00  -7.56112000e-02]
 [  4.99556938e-02  -1.03619862e-01   7.99761480e-03]
 [ -5.90314873e-02   9.30939806e-01   7.57990234e-03]
 [  4.69968736e-03  -6.07733407e-01   4.83358461e-03]
 [  3.48557501e-04   1.07403326e-01  -7.02453175e-04]
 [  1.17187557e-01  -6.09236223e-01   2.22815083e-02]
 [ -1.72002992e-02   1.42440279e-01   5.64679245e-04]
 [  5.48762983e-04  -8.30695999e-03  -1.00498447e-04]]
18
0.0716355508316
[[  2.84843477e+00   1.42820783e+01   3.18323240e+00]
 [  6.26777245e-01  -1.80766342e+01   1.38108079e-02]
 [ -3.28114524e-01   7.97022703e+00   7.76200908e-02]
 [  7.84151795e-02  -1.38833381e+01   5.23292006e-01]
 [  9.03031806e-01   9.24754993e-01   3.24773797e-01]
 [ -1.06487547e-02  -3.87099797e+00   5.06091943e-02]
 [  7.20177471e-02  -2.49062998e-01  -1.00749776e-01]
 [ -2.81580103e+00  -2.89358147e+00  -1.46657346e+00]
 [  1.39115502e+00  -1.10201661e+00   6.70740150e-01]
 [ -3.07013519e-01   1.82345868e-01  -1.23116254e-01]
 [ -1.89566642e+00   2.74584496e+00  -1.09535072e+00]
 [ -5.20128877e-01  -5.40589558e+00  -3.88488705e-01]
 [ -4.10098950e-02   5.15131742e-01  -4.59804826e-02]
 [ -3.35498838e-01  -1.89995488e+00   9.41178171e-01]
 [  2.26712134e-01  -1.94031359e+00   5.26231680e-02]
 [ -1.35747040e-01   1.36615469e+00   9.60317235e-02]
 [ -1.64951053e-01   3.37486406e+00  -4.66420899e-01]
 [ -1.28728121e-02  -1.90889236e+00  -1.77088136e-01]
 [ -1.20797095e-01  -1.89571910e-01  -1.48250863e-01]
 [ -1.81411834e+00  -9.06636246e+00  -3.69881691e-01]
 [  1.22091469e+00   4.78578559e+00   3.79308951e-01]
 [ -3.84433007e-01  -9.45831298e-02  -1.20012183e-01]
 [  6.83816746e-01  -1.32886129e+01   2.93352591e-01]
 [ -1.63841236e-01   6.39900354e+00  -1.29323726e-01]
 [ -9.86589751e-02  -5.56915861e-01  -1.58926611e-02]
 [ -1.46982420e-01  -7.79368005e+00  -3.85273228e-01]
 [ -9.28848612e-02   3.60279413e+00   2.77161447e-02]
 [ -6.24300982e-03  -4.16910593e-01  -3.94542850e-03]
 [  1.16466551e+00  -9.29218926e-01  -2.76669328e-01]
 [ -6.38922740e-01   5.98105175e-02   2.97342968e-02]
 [  9.16367137e-02   2.17085969e-01  -2.14667045e-03]
 [  1.12896758e-01   6.73964351e+00  -3.57853723e-02]
 [ -8.59134748e-02  -3.39382822e+00   7.31759693e-03]
 [  1.06639863e-02   5.13132867e-01  -1.21934486e-03]
 [ -3.77444379e-02   3.71535485e-01   1.47319631e-01]
 [  9.15844352e-03  -3.03119059e-01  -5.50640311e-02]
 [ -4.65522112e-04   4.59679189e-02   6.49332707e-03]
 [  2.96971274e+00  -3.17788795e+00   9.18263780e-01]
 [ -1.57993898e+00   1.30455567e+00  -3.00868120e-01]
 [  2.26484912e-01   2.04051948e-01   3.11997347e-02]
 [  5.05884643e-01   8.99341756e+00   2.14468381e-01]
 [ -2.07782926e-01  -5.17588760e+00  -3.12840872e-02]
 [  2.38501328e-02   8.20751899e-01   7.92205576e-04]
 [  5.52754953e-02  -9.88599366e-01   6.21918161e-02]
 [  3.40522886e-03  -1.05439146e-01  -4.24436108e-02]
 [ -1.27654265e-03   4.27826331e-02   6.19365471e-03]
 [  1.38705899e+00  -6.80781552e-01  -6.10271298e-01]
 [ -1.04218265e+00   1.18074074e+00   3.96791923e-02]
 [  1.63091672e-01   3.49879235e-02   3.26865141e-03]
 [ -5.23880943e-02   3.25970736e+00  -4.86407654e-02]
 [ -5.33463503e-02  -2.49674223e+00   1.59966364e-02]
 [  8.87734389e-03   4.27656450e-01  -2.22823711e-03]
 [  1.30923628e-01  -1.97630549e+00  -9.50916834e-02]
 [ -1.21386403e-02   2.82443332e-01   8.00648660e-03]
 [ -4.89071309e-04  -5.03130694e-03   6.21347873e-04]
 [  1.95434934e-01  -3.12967143e+00   1.77059198e-01]
 [ -2.85177357e-01   1.30644765e+00  -3.59682348e-02]
 [  5.08743237e-02  -1.07962003e-01   3.49268262e-03]
 [ -2.63355540e-02   1.05485006e+00   7.31247202e-02]
 [ -4.90478190e-03  -6.50844159e-01  -6.99176143e-03]
 [  1.35273360e-03   1.12242186e-01   3.61691046e-07]
 [  1.14513852e-01  -6.47520724e-01   3.88538315e-02]
 [ -1.79663253e-02   1.49038520e-01  -3.72052978e-03]
 [  7.42900364e-04  -9.07559243e-03   2.67273058e-04]]
19
0.0751958561223
[[  2.80984643e+00   1.47712023e+01   3.17859392e+00]
 [  7.81348614e-01  -1.78232723e+01   8.59205803e-02]
 [ -4.74785510e-01   8.69950052e+00  -3.31244978e-02]
 [  6.09008395e-02  -1.39286071e+01   4.66370543e-01]
 [  8.10705795e-01   1.00836825e+00   1.49656558e-01]
 [  2.75962945e-02  -3.66704040e+00   1.26495722e-01]
 [  6.63300816e-02  -2.75327602e-01  -8.51076406e-02]
 [ -2.81658195e+00  -3.46608963e+00  -1.52879955e+00]
 [  1.40119047e+00  -7.61001033e-01   7.26179989e-01]
 [ -3.11245834e-01   9.45679176e-02  -1.44174962e-01]
 [ -1.98831417e+00   2.09955251e+00  -9.78952596e-01]
 [ -4.79264430e-01  -5.41648414e+00  -4.21578634e-01]
 [ -2.58192297e-02   5.27838843e-01   1.37363043e-03]
 [ -3.33464920e-01  -2.18546734e+00   7.33684613e-01]
 [  2.62839189e-01  -1.69479059e+00   5.08440984e-02]
 [ -1.53048347e-01   1.53772324e+00   1.51338321e-01]
 [ -1.08716010e-01   3.29538096e+00  -6.17097461e-01]
 [  1.05253247e-02  -1.82145929e+00  -7.44588335e-02]
 [ -1.23831020e-01  -2.36395439e-01  -4.82232399e-02]
 [ -1.94842565e+00  -9.84510005e+00  -4.45943058e-01]
 [  1.26180900e+00   5.32420980e+00   4.23877174e-01]
 [ -3.93020393e-01  -2.44748997e-01  -1.48595300e-01]
 [  8.02524697e-01  -1.43339933e+01   4.21787082e-01]
 [ -1.91322881e-01   6.86376199e+00  -1.75069382e-01]
 [ -9.81163157e-02  -6.58981107e-01  -2.29131714e-02]
 [ -1.02958375e-01  -8.06355927e+00  -3.44368934e-01]
 [ -1.11324953e-01   3.74344130e+00   2.10068622e-03]
 [ -4.33056800e-03  -4.46547054e-01  -3.29858905e-03]
 [  1.33764450e+00  -9.80151108e-01  -1.12898317e-01]
 [ -7.29440625e-01   9.03679895e-02  -2.34505584e-02]
 [  1.12340012e-01   1.91014319e-01   7.11765703e-03]
 [  5.18896771e-02   6.50392314e+00  -1.02236709e-01]
 [ -5.72235533e-02  -3.31493057e+00   2.54493376e-02]
 [  6.70430484e-03   5.04538949e-01  -3.05769574e-03]
 [ -3.53287885e-02   3.95721900e-01   1.37590375e-01]
 [  9.20202929e-03  -3.10198925e-01  -5.34021049e-02]
 [ -6.75662218e-04   4.74887817e-02   6.32957776e-03]
 [  3.12219705e+00  -2.34280656e+00   8.33438989e-01]
 [ -1.67483999e+00   1.02873513e+00  -2.86138753e-01]
 [  2.54701593e-01   1.98191906e-01   3.54194517e-02]
 [  4.25538308e-01   8.80340384e+00   2.40452718e-01]
 [ -1.65026466e-01  -5.08333607e+00  -3.27728938e-02]
 [  1.77076953e-02   8.09920634e-01   6.21941432e-04]
 [  4.56074849e-02  -1.06184253e+00   4.05340553e-02]
 [  4.88226663e-03  -8.04431480e-02  -4.10048070e-02]
 [ -1.65030185e-03   4.14149677e-02   6.22150855e-03]
 [  1.39416201e+00  -1.51782300e-01  -5.16549301e-01]
 [ -1.06367490e+00   9.41102312e-01   4.13005023e-02]
 [  1.75053572e-01   4.49237747e-02   4.13915407e-03]
 [ -1.01200301e-01   2.97518239e+00  -2.75929345e-02]
 [ -2.93884128e-02  -2.41271849e+00   1.08939996e-02]
 [  5.48536615e-03   4.19569946e-01  -1.75074695e-03]
 [  1.41321009e-01  -2.15878869e+00  -1.23230005e-01]
 [ -1.46089474e-02   3.30708270e-01   1.07001968e-02]
 [ -4.19602691e-04  -8.96720567e-03   5.98790904e-04]
 [  1.26291417e-01  -2.92461199e+00   2.53874024e-01]
 [ -2.67540024e-01   1.19246703e+00  -3.98351237e-02]
 [  5.14289130e-02  -9.78411064e-02   3.51318963e-03]
 [ -4.34520768e-02   9.08320405e-01   2.13304014e-02]
 [  1.70676616e-03  -6.08139006e-01   1.17104134e-03]
 [  4.58069440e-04   1.08238796e-01  -5.06227166e-04]
 [  1.20101407e-01  -6.74347924e-01  -1.36588141e-02]
 [ -1.98022414e-02   1.63876389e-01   3.89584289e-03]
 [  8.90937197e-04  -1.06648362e-02  -1.60884034e-04]]
20
0.0500939972229
[[  2.83641625e+00   1.46125781e+01   3.25558193e+00]
 [  7.76376130e-01  -1.85594764e+01   4.21697118e-02]
 [ -4.21339048e-01   8.66762500e+00  -3.51401094e-02]
 [  6.91506597e-02  -1.41774062e+01   4.07903995e-01]
 [  8.22265442e-01   9.34705451e-01   1.13206593e-01]
 [ -8.37299080e-03  -3.70757620e+00   1.07472051e-01]
 [  1.14411103e-01  -3.18915221e-01  -4.60077316e-02]
 [ -2.81535801e+00  -3.14561338e+00  -1.56806554e+00]
 [  1.39132657e+00  -9.78078068e-01   7.25666198e-01]
 [ -3.02727488e-01   1.48021110e-01  -1.39716979e-01]
 [ -1.91015584e+00   2.72913095e+00  -1.11793442e+00]
 [ -4.97270915e-01  -5.22180840e+00  -3.82534240e-01]
 [ -2.20792418e-02   4.79440404e-01  -3.15930446e-03]
 [ -3.41490826e-01  -2.05365523e+00   8.70240611e-01]
 [  3.14374479e-01  -1.83399327e+00   4.00234362e-02]
 [ -1.49910239e-01   1.40476820e+00   9.73403837e-02]
 [ -7.78189206e-02   3.43100088e+00  -7.08678964e-01]
 [  3.32275187e-02  -1.77263671e+00  -5.80253977e-03]
 [ -1.34480830e-01  -2.67295191e-01  -6.15923044e-02]
 [ -1.97430921e+00  -8.85962285e+00  -4.46411868e-01]
 [  1.28417029e+00   4.84867746e+00   4.22629892e-01]
 [ -3.84814332e-01  -1.41434528e-01  -1.42644421e-01]
 [  6.96070963e-01  -1.40656101e+01   4.25159029e-01]
 [ -1.30293228e-01   6.65198561e+00  -1.75332032e-01]
 [ -1.00480615e-01  -6.04000864e-01  -2.01145228e-02]
 [ -1.14371533e-01  -7.82207576e+00  -3.23169546e-01]
 [ -8.80219607e-02   3.65425430e+00  -1.45878002e-04]
 [ -6.86213039e-03  -4.29224463e-01  -2.52137030e-03]
 [  1.30368434e+00  -9.30017642e-01  -5.96236070e-02]
 [ -6.99671042e-01   6.66793345e-02  -4.36534181e-02]
 [  1.00117473e-01   2.13477832e-01   8.38650959e-03]
 [  9.84079471e-02   6.51433689e+00  -8.07947917e-02]
 [ -7.63407928e-02  -3.30101114e+00   2.19591225e-02]
 [  8.67511763e-03   5.01179796e-01  -3.19686506e-03]
 [ -1.04584524e-01   4.48991122e-01   8.90806298e-02]
 [  3.81694815e-02  -3.32263995e-01  -3.44514560e-02]
 [ -4.20347415e-03   4.97762121e-02   4.09761904e-03]
 [  3.03258874e+00  -3.01740363e+00   9.73186305e-01]
 [ -1.63162218e+00   1.25087987e+00  -3.38219909e-01]
 [  2.36294651e-01   2.05872237e-01   3.96247881e-02]
 [  4.66290809e-01   8.65871896e+00   2.41697550e-01]
 [ -1.92012808e-01  -5.01771850e+00  -3.41556856e-02]
 [  2.09106453e-02   7.99665150e-01   2.48658413e-04]
 [  1.53587431e-03  -9.68632953e-01   1.90207427e-02]
 [  3.66566549e-02  -1.23184277e-01  -2.11718078e-02]
 [ -6.09804890e-03   4.60431375e-02   3.36685603e-03]
 [  1.40175592e+00  -4.75388422e-01  -5.75451824e-01]
 [ -1.06641996e+00   1.12487035e+00   3.09857168e-02]
 [  1.68702803e-01   3.78058153e-02   5.71065376e-03]
 [ -1.27986940e-01   3.08937170e+00  -9.71994518e-04]
 [ -3.58955008e-02  -2.40974004e+00   4.57988117e-03]
 [  6.78837514e-03   4.15769208e-01  -1.47509998e-03]
 [  1.33321386e-01  -2.03897094e+00  -8.99083868e-02]
 [ -2.43443601e-03   2.92801286e-01   1.24331746e-02]
 [ -2.33958333e-03  -5.19156206e-03  -2.81222123e-04]
 [  1.21462760e-01  -2.95420629e+00   3.03128901e-01]
 [ -2.75937703e-01   1.24260688e+00  -5.48812725e-02]
 [  5.13072212e-02  -1.02124896e-01   4.92790695e-03]
 [ -7.27907588e-02   9.57264160e-01   2.22616005e-03]
 [  5.34013740e-03  -6.18389037e-01   2.01511184e-03]
 [  3.90567342e-04   1.08343942e-01  -4.98007617e-04]
 [  1.28822533e-01  -6.38440542e-01   3.29257232e-03]
 [ -1.89871062e-02   1.51534717e-01   2.03466567e-03]
 [  5.80850924e-04  -9.37741078e-03  -1.91839197e-04]]
21
