[[  0.          12.6658679    1.58323349]
 [  0.           1.58323349   0.        ]
 [  0.           0.           0.        ]
 [  0.          -7.91616744   0.        ]
 [  1.58323349  -0.03166467   0.        ]
 [  0.           0.           0.        ]
 [  0.           0.           0.        ]
 [  0.           0.           0.        ]
 [  0.          -1.58323349   0.        ]
 [  0.           0.           0.        ]
 [  0.           0.           0.        ]
 [  0.           0.           0.        ]
 [  0.           0.           0.        ]
 [  0.           0.           0.        ]
 [  0.           0.           0.        ]
 [  0.           0.           0.        ]
 [  0.           0.           0.        ]
 [  0.           0.           0.        ]
 [  0.           0.           0.        ]
 [  0.           0.           0.        ]
 [  0.           0.           0.        ]
 [  0.           0.           0.        ]
 [  0.           0.           0.        ]
 [  0.           0.           0.        ]
 [  0.           0.           0.        ]
 [  0.           0.           0.        ]
 [  0.           0.           0.        ]
 [  0.           0.           0.        ]
 [  0.           0.           0.        ]
 [  0.           0.           0.        ]
 [  0.           0.           0.        ]
 [  0.           0.           0.        ]
 [  0.           0.           0.        ]
 [  0.           0.           0.        ]
 [  0.           0.           0.        ]
 [  0.           0.           0.        ]
 [  0.           0.           0.        ]
 [  0.           0.           0.        ]
 [  0.           0.           0.        ]
 [  0.           0.           0.        ]
 [  0.           0.           0.        ]
 [  0.           0.           0.        ]
 [  0.           0.           0.        ]
 [  0.           0.           0.        ]
 [  0.           0.           0.        ]
 [  0.           0.           0.        ]
 [  0.           0.           0.        ]
 [  0.           0.           0.        ]
 [  0.           0.           0.        ]
 [  0.           0.           0.        ]
 [  0.           0.           0.        ]
 [  0.           0.           0.        ]
 [  0.           0.           0.        ]
 [  0.           0.           0.        ]
 [  0.           0.           0.        ]
 [  0.           0.           0.        ]
 [  0.           0.           0.        ]
 [  0.           0.           0.        ]
 [  0.           0.           0.        ]
 [  0.           0.           0.        ]
 [  0.           0.           0.        ]
 [  0.           0.           0.        ]
 [  0.           0.           0.        ]
 [  0.           0.           0.        ]]





1
13.8402617629
[[  2.57043622e+00   1.63054419e+01   3.16459955e+00]
 [  5.06736794e-01  -1.92926283e+01   1.00142922e-01]
 [ -1.97598352e-01   8.35380882e+00   9.46956648e-02]
 [ -1.42936635e-02  -1.42187219e+01   3.57257568e-01]
 [  6.91568760e-01   1.84856056e-01   2.31256125e-01]
 [  6.80706245e-02  -3.42817138e+00   1.90212023e-01]
 [  4.48893036e-02  -2.92037444e-01  -8.17314453e-02]
 [ -2.54602258e+00  -5.07790868e+00  -1.50399951e+00]
 [  1.24887590e+00   8.31509612e-02   7.15064166e-01]
 [ -2.67258482e-01  -1.26497148e-01  -1.39260932e-01]
 [ -2.01063712e+00   1.74036622e+00  -1.08303342e+00]
 [ -4.60203697e-01  -4.89471484e+00  -3.28524302e-01]
 [  2.66386134e-03   5.32168099e-01  -6.13581684e-03]
 [ -4.25290623e-01  -1.62298765e+00   7.08035226e-01]
 [  1.69808847e-01  -1.74508877e+00   5.31425982e-02]
 [ -8.65383360e-02   1.19065388e+00   1.22341872e-01]
 [ -4.93892467e-01   2.82650972e+00  -2.51252038e-01]
 [  6.27111471e-02  -1.44691446e+00  -2.46876351e-02]
 [ -6.30163144e-02  -6.26366069e-02  -6.42086108e-02]
 [ -1.58288947e+00  -7.75876378e+00  -5.53671059e-01]
 [  1.08907070e+00   4.98274085e+00   4.69734708e-01]
 [ -3.30714261e-01  -4.14002651e-01  -1.47606232e-01]
 [  5.28761723e-01  -1.31883398e+01   2.25752094e-01]
 [ -1.09697528e-01   6.35200963e+00  -1.03964020e-01]
 [ -8.59582492e-02  -6.83848382e-01  -2.72504456e-02]
 [ -8.79473654e-02  -7.29908813e+00  -3.29336955e-01]
 [ -7.45675666e-02   3.44143034e+00   1.48159048e-02]
 [ -6.31162571e-03  -4.27376696e-01  -4.39152106e-03]
 [  1.56287392e+00   1.89828098e-01  -9.36835000e-02]
 [ -8.46926991e-01  -4.71406936e-01  -5.39624910e-02]
 [  1.37834264e-01   2.94766991e-01   1.95537095e-02]
 [  3.32187713e-02   6.17044359e+00  -2.12612109e-01]
 [ -5.84319665e-02  -3.16758470e+00   8.08564585e-02]
 [  7.73623255e-03   4.80574878e-01  -1.08619461e-02]
 [ -1.88916073e-02   4.47324071e-01   1.18395630e-01]
 [  1.16744517e-02  -3.31477055e-01  -4.20265663e-02]
 [ -2.19546508e-03   5.08421621e-02   4.58298306e-03]
 [  3.23116604e+00  -1.51284539e+00   1.04522068e+00]
 [ -1.72997674e+00   4.06175741e-01  -3.62323467e-01]
 [  2.76925928e-01   3.41387213e-01   5.66401796e-02]
 [  4.52725747e-01   8.22397954e+00   1.20863423e-01]
 [ -1.80461497e-01  -4.81583093e+00   3.97149915e-02]
 [  2.03503687e-02   7.67105639e-01  -1.04371450e-02]
 [  2.67563236e-02  -9.21864083e-01   2.81228295e-02]
 [  1.62817903e-02  -1.28872786e-01  -2.74157277e-02]
 [ -4.43549514e-03   4.73550826e-02   3.85589704e-03]
 [  1.42943793e+00  -4.06376719e-01  -4.46878344e-01]
 [ -1.01892333e+00   8.26694097e-01   2.69334886e-02]
 [  1.73369139e-01   9.60415239e-02   1.15376224e-02]
 [  1.52864559e-02   2.98361177e+00  -2.76869764e-02]
 [ -6.19967351e-02  -2.32636162e+00   3.39311225e-02]
 [  9.00107732e-03   4.00281708e-01  -6.31413554e-03]
 [  9.44310575e-02  -1.83097757e+00  -1.05319810e-01]
 [ -2.30082522e-03   2.57149407e-01   1.20953037e-02]
 [ -2.20885979e-03  -2.52293510e-03  -1.23652136e-04]
 [  5.17895619e-01  -2.52490889e+00   6.34686872e-02]
 [ -3.29908952e-01   1.08903037e+00   1.35192854e-03]
 [  5.52499542e-02  -8.19169106e-02   1.00639167e-03]
 [ -3.56782489e-02   8.11565210e-01   2.30942579e-02]
 [ -6.79111793e-03  -5.83402717e-01   2.80658762e-03]
 [  1.63821389e-03   1.03847706e-01  -1.16643590e-03]
 [  7.91188123e-02  -6.96832859e-01   1.03067649e-03]
 [ -1.13113590e-02   1.57802022e-01   1.62867197e-03]
 [  7.35277423e-05  -9.66890402e-03  -9.12764096e-05]]
2
0.128176366529
[[  2.88191107e+00   1.45768407e+01   3.44252374e+00]
 [  6.13372599e-01  -1.90218353e+01  -2.43132434e-01]
 [ -3.94135904e-01   8.59456314e+00   1.99978006e-01]
 [  6.31051055e-02  -1.48639375e+01   1.74665522e-01]
 [  7.40532951e-01   6.36218426e-01   2.71655793e-01]
 [ -6.27196649e-04  -3.71279953e+00   5.46367545e-02]
 [  8.29579353e-02  -2.67749580e-01  -1.00900919e-01]
 [ -2.85156693e+00  -3.01222198e+00  -1.70376330e+00]
 [  1.40906216e+00  -1.12213468e+00   7.88427778e-01]
 [ -3.11032958e-01   2.03192880e-01  -1.54952077e-01]
 [ -1.62771604e+00   2.35473411e+00  -1.17918805e+00]
 [ -5.13079056e-01  -5.08630987e+00  -3.39005757e-01]
 [ -5.27027858e-02   5.24723516e-01  -2.71596548e-02]
 [ -4.54485395e-01  -2.55504244e+00   9.39264580e-01]
 [  2.32423305e-01  -1.76941298e+00   9.32230396e-02]
 [ -1.16212188e-01   1.43342418e+00   9.72090815e-02]
 [ -1.39871366e-02   3.69281771e+00  -4.60192501e-01]
 [  6.73860797e-03  -1.67786048e+00  -7.32440210e-02]
 [ -1.46436562e-01  -3.02163656e-01  -1.35778397e-01]
 [ -1.79385497e+00  -8.20182791e+00  -2.94169560e-01]
 [  1.21996539e+00   4.54900805e+00   4.33691079e-01]
 [ -3.86803853e-01  -4.65243025e-02  -1.58976589e-01]
 [  7.61005830e-01  -1.37696380e+01   2.36310773e-01]
 [ -1.86221805e-01   6.53093187e+00  -1.16580107e-01]
 [ -9.70911762e-02  -5.58520350e-01  -3.31155850e-02]
 [ -1.27373119e-01  -6.93556327e+00  -2.01275408e-01]
 [ -1.00076403e-01   3.43741572e+00  -1.06539064e-02]
 [ -5.45743691e-03  -4.02816676e-01  -4.57981052e-03]
 [  1.36913748e+00  -3.90669714e-01  -2.11192436e-01]
 [ -7.22232527e-01  -2.19648183e-01   4.25576981e-03]
 [  1.10020381e-01   2.63661439e-01  -1.11372995e-03]
 [  1.03384103e-01   6.50103454e+00  -2.99794909e-02]
 [ -8.05516873e-02  -3.28247797e+00  -4.07021810e-04]
 [  9.75834250e-03   4.97858191e-01   7.52134291e-04]
 [ -5.57689985e-02   3.72809533e-01   1.49724257e-01]
 [  1.79903563e-02  -2.94922453e-01  -5.66754839e-02]
 [ -1.82566026e-03   4.50387842e-02   6.99082626e-03]
 [  2.80233311e+00  -2.14097791e+00   1.00475182e+00]
 [ -1.55787290e+00   7.33768918e-01  -3.36810158e-01]
 [  2.39011775e-01   2.98470806e-01   3.18863804e-02]
 [  5.07202670e-01   8.52033895e+00   1.83586613e-01]
 [ -2.04623937e-01  -4.95935821e+00  -3.48648191e-02]
 [  2.29724668e-02   7.91588374e-01   3.38255143e-03]
 [  4.99806750e-02  -1.08230852e+00   5.00677178e-02]
 [  1.07906987e-02  -5.84729884e-02  -4.08044574e-02]
 [ -2.73706219e-03   3.75028058e-02   6.58563872e-03]
 [  1.40251124e+00   3.40697781e-01  -6.49919545e-01]
 [ -1.01657722e+00   7.22487029e-01   4.71895102e-02]
 [  1.65676260e-01   1.03753334e-01   5.45725014e-04]
 [ -4.34179376e-02   2.95930388e+00  -8.96920275e-02]
 [ -5.52000546e-02  -2.35664481e+00   2.06074656e-02]
 [  8.81949429e-03   4.09013040e-01  -1.37158416e-03]
 [  1.16329481e-01  -2.11422307e+00  -9.63968126e-02]
 [ -7.66537941e-03   3.34547426e-01   8.34787479e-03]
 [ -1.16441666e-03  -1.06912747e-02   8.34707573e-04]
 [  1.37474073e-01  -3.06191359e+00   1.23862301e-01]
 [ -2.65824253e-01   1.19224874e+00  -2.06926216e-02]
 [  5.00104715e-02  -8.79180418e-02   1.41154562e-03]
 [ -2.83146968e-02   8.56811837e-01  -9.28367358e-04]
 [ -5.90270431e-03  -5.88261548e-01   6.60338508e-03]
 [  1.46727301e-03   1.05081386e-01  -7.28984037e-04]
 [  1.25559013e-01  -6.37715455e-01   3.51435225e-02]
 [ -1.92673528e-02   1.60793896e-01  -3.43096389e-03]
 [  7.54251684e-04  -1.08670122e-02   3.22784423e-04]]
3
0.0757460841493
[[  2.76917127e+00   1.46472356e+01   3.33986220e+00]
 [  4.53490453e-01  -1.92376272e+01   1.44221810e-02]
 [ -2.76882108e-01   8.20644349e+00  -1.52469449e-02]
 [  1.81652592e-03  -1.49688583e+01   1.73653969e-01]
 [  9.30955828e-01   8.25176520e-01   1.41057845e-01]
 [  4.80302997e-02  -3.89604690e+00   2.89596025e-02]
 [  6.12573305e-02  -3.21729170e-01  -7.66242694e-02]
 [ -2.68977236e+00  -3.16621726e+00  -1.67883631e+00]
 [  1.32140881e+00  -1.00538779e+00   7.82004462e-01]
 [ -2.93147651e-01   1.55446824e-01  -1.48901095e-01]
 [ -1.78756435e+00   2.73027572e+00  -1.26954064e+00]
 [ -3.91752939e-01  -5.18575892e+00  -4.52071278e-01]
 [ -5.72733179e-02   5.21972676e-01  -4.82877585e-02]
 [ -3.13961177e-01  -2.35700454e+00   6.93090088e-01]
 [  2.91435373e-01  -1.91427389e+00   1.16005723e-01]
 [ -1.31676677e-01   1.40629715e+00   8.46975457e-02]
 [ -1.19238313e-01   3.41698071e+00  -3.90487161e-01]
 [ -4.65509005e-03  -1.44649150e+00  -3.47777836e-02]
 [ -1.45618472e-01  -2.30680072e-01  -1.00620653e-01]
 [ -1.59302369e+00  -7.93680988e+00  -4.89482473e-01]
 [  1.12485347e+00   4.49397059e+00   4.78672953e-01]
 [ -3.64681441e-01  -9.55585711e-02  -1.53805280e-01]
 [  6.33098285e-01  -1.31473272e+01   3.77101031e-01]
 [ -1.57115743e-01   6.28782881e+00  -1.33491948e-01]
 [ -9.47680354e-02  -5.59404985e-01  -2.76835933e-02]
 [ -9.42376603e-02  -6.83471031e+00  -1.23407439e-01]
 [ -9.80746621e-02   3.36366752e+00  -3.05666386e-02]
 [ -5.41149908e-03  -3.99925816e-01  -1.70292858e-03]
 [  1.11343983e+00  -8.03957556e-01  -1.08774733e-03]
 [ -6.11816930e-01   4.93245075e-03  -1.07455423e-01]
 [  9.07307989e-02   2.18935351e-01   2.22264031e-02]
 [ -1.57785407e-02   6.85869702e+00   5.86379160e-02]
 [ -1.66949651e-02  -3.46609173e+00  -5.11522577e-02]
 [  6.56153770e-04   5.24502899e-01   7.69238860e-03]
 [ -3.07217681e-02   4.69497030e-01   1.46540669e-01]
 [  8.98382520e-03  -3.46668509e-01  -6.24979626e-02]
 [ -5.98245327e-04   5.27369610e-02   7.67469084e-03]
 [  2.81506878e+00  -2.82376851e+00   1.31096870e+00]
 [ -1.50256429e+00   1.10407312e+00  -5.27313917e-01]
 [  2.21169592e-01   2.22241606e-01   7.24520094e-02]
 [  2.92657736e-01   8.88484472e+00   3.61066296e-01]
 [ -9.68595942e-02  -5.20953229e+00  -1.25635824e-01]
 [  7.82174504e-03   8.31117633e-01   1.55437727e-02]
 [  6.44789838e-02  -1.01838034e+00   8.79653962e-02]
 [  2.28212379e-03  -1.21207689e-01  -6.00657724e-02]
 [ -1.30364652e-03   4.82723066e-02   8.58560109e-03]
 [  1.31257036e+00  -3.24128600e-02  -2.88241193e-01]
 [ -9.90032250e-01   9.26864076e-01  -1.08738758e-01]
 [  1.58606299e-01   6.06624912e-02   2.80070798e-02]
 [ -1.44652776e-01   3.14938913e+00  -6.24029475e-02]
 [ -1.42700121e-03  -2.48419080e+00  -1.54434185e-02]
 [  1.08557285e-03   4.29576659e-01   4.28679609e-03]
 [  1.26881232e-01  -2.08916873e+00  -7.71754109e-02]
 [ -1.18972988e-02   3.05364274e-01  -2.24235913e-03]
 [ -4.84033703e-04  -5.36970164e-03   1.98802582e-03]
 [  1.52934414e-01  -2.92666633e+00   1.39056031e-01]
 [ -2.62619729e-01   1.19948386e+00  -4.70805058e-02]
 [  4.85837574e-02  -9.56730508e-02   7.46568537e-03]
 [ -3.77854643e-02   7.00071107e-01  -3.16065192e-02]
 [  4.59175681e-03  -5.79463284e-01   6.04801784e-03]
 [ -2.37823115e-04   1.07138839e-01   4.09604963e-06]
 [  1.24873197e-01  -6.87118311e-01   1.45933690e-02]
 [ -1.97178288e-02   1.63868541e-01  -1.61600899e-03]
 [  8.78921326e-04  -1.02810966e-02   3.11692220e-04]]
4
0.0832514102279
[[  2.92604982e+00   1.44658710e+01   3.42802003e+00]
 [  4.89833666e-01  -1.94008409e+01  -1.02320906e-02]
 [ -2.12925885e-01   8.58100797e+00  -8.74096336e-02]
 [  1.01977103e-02  -1.51505754e+01   3.81926791e-01]
 [  8.28941787e-01   1.20372264e+00   2.67970336e-01]
 [  1.34888698e-02  -3.74093673e+00   5.90217707e-02]
 [  1.07455807e-01  -2.51141016e-01  -7.38690119e-02]
 [ -2.83534998e+00  -2.87240297e+00  -1.73460819e+00]
 [  1.38565941e+00  -1.17552269e+00   8.16774058e-01]
 [ -3.03672695e-01   2.05035620e-01  -1.67027202e-01]
 [ -1.78111360e+00   1.74712228e+00  -1.16861388e+00]
 [ -4.28120738e-01  -5.09966571e+00  -3.98117521e-01]
 [ -1.99585372e-02   6.06029025e-01  -3.90147799e-02]
 [ -3.64148005e-01  -1.48179588e+00   1.02463193e+00]
 [  1.69801963e-01  -1.67982973e+00   2.29091186e-01]
 [ -1.65415796e-01   1.30997058e+00   1.12656138e-01]
 [ -8.20800784e-02   2.95787899e+00  -4.03068862e-01]
 [  9.34524284e-02  -1.71918867e+00  -1.76760795e-01]
 [ -9.26892990e-02  -1.50686022e-01  -1.48187300e-01]
 [ -1.72427419e+00  -7.82002321e+00  -4.23517590e-01]
 [  1.19841807e+00   4.41305154e+00   4.61384195e-01]
 [ -3.79061839e-01  -3.72851780e-02  -1.74904145e-01]
 [  5.73235967e-01  -1.37319434e+01   5.35871244e-01]
 [ -1.33429651e-01   6.49523728e+00  -2.09959631e-01]
 [ -1.00291205e-01  -5.57756732e-01  -2.99545091e-02]
 [ -1.52667064e-01  -6.77934925e+00  -2.59863265e-01]
 [ -8.02143784e-02   3.40553617e+00  -2.85375120e-02]
 [ -7.79801245e-03  -4.01928753e-01  -2.29378636e-03]
 [  1.24855802e+00  -1.12225249e+00  -2.17384833e-01]
 [ -6.69036209e-01   1.07507673e-01   7.49215294e-03]
 [  9.80082265e-02   2.04769036e-01   5.20769225e-04]
 [  6.49419306e-02   6.51924889e+00  -5.00474685e-02]
 [ -5.94372967e-02  -3.28186985e+00   1.59140131e-02]
 [  6.88504026e-03   4.99226625e-01  -1.83760817e-03]
 [ -8.27901396e-02   3.48451594e-01   1.21417161e-01]
 [  2.75760973e-02  -2.84540150e-01  -4.70366694e-02]
 [ -2.86327626e-03   4.41212551e-02   5.91218028e-03]
 [  2.85683020e+00  -2.31469148e+00   9.89923869e-01]
 [ -1.55068446e+00   1.06349263e+00  -3.29923690e-01]
 [  2.28514449e-01   2.17507772e-01   3.50303561e-02]
 [  4.25450658e-01   8.50970860e+00   1.52225791e-01]
 [ -1.67495343e-01  -4.93828404e+00  -1.29602055e-03]
 [  1.80661743e-02   7.90985734e-01  -1.79954762e-03]
 [  2.96257176e-02  -1.09569568e+00   2.74946071e-02]
 [  2.02636434e-02  -5.31853716e-02  -2.77999307e-02]
 [ -3.90778304e-03   3.71400498e-02   4.90777711e-03]
 [  1.36220206e+00  -7.64209965e-01  -7.33142682e-01]
 [ -1.02146156e+00   1.10403786e+00   7.47499768e-02]
 [  1.62907346e-01   4.32025710e-02  -1.33293791e-04]
 [ -1.20827971e-03   2.91731296e+00  -2.41825577e-01]
 [ -5.26953074e-02  -2.33745289e+00   6.88970652e-02]
 [  7.54128348e-03   4.07780972e-01  -6.73917612e-03]
 [  1.58120717e-01  -1.96418941e+00  -1.29958732e-01]
 [ -1.32230653e-02   3.01983225e-01   2.00573191e-02]
 [ -9.77159962e-04  -7.95563117e-03  -4.58800470e-04]
 [  9.62767524e-02  -2.84050261e+00   1.38226161e-02]
 [ -2.55278612e-01   1.21199047e+00   1.94971340e-02]
 [  4.85097935e-02  -9.82472846e-02  -2.58244469e-03]
 [ -5.53693305e-02   8.92144088e-01   1.61034874e-02]
 [ -1.73605050e-03  -5.91068002e-01   1.35130130e-02]
 [  1.06760329e-03   1.05223019e-01  -1.99537410e-03]
 [  1.13354553e-01  -6.61195658e-01   2.76568189e-02]
 [ -1.87995225e-02   1.56652376e-01   2.58704749e-04]
 [  7.79036102e-04  -1.00927459e-02  -9.30163473e-05]]
5
0.0493919398445
[[  2.89901428e+00   1.48303787e+01   3.38142282e+00]
 [  3.74775911e-01  -1.92304879e+01  -7.64125685e-02]
 [ -1.83287406e-01   8.64233682e+00   7.05265827e-02]
 [ -2.95093848e-02  -1.48887604e+01   2.98375012e-01]
 [  8.76694056e-01   1.28138878e+00   2.32663564e-01]
 [  2.58899652e-02  -3.85180514e+00   3.34133969e-02]
 [  7.04647122e-02  -2.87196886e-01  -7.68407056e-02]
 [ -2.78071445e+00  -3.20157561e+00  -1.67242582e+00]
 [  1.35081392e+00  -1.01027715e+00   7.83178799e-01]
 [ -2.95269335e-01   1.64010781e-01  -1.53070055e-01]
 [ -1.72071642e+00   1.21895112e+00  -1.05463406e+00]
 [ -4.23052217e-01  -5.19034157e+00  -3.45792756e-01]
 [ -4.86396107e-02   5.92979794e-01  -3.20115596e-02]
 [ -3.38302853e-01  -1.16371464e+00   8.72611146e-01]
 [  2.72269530e-01  -1.83534887e+00   8.70575504e-02]
 [ -1.69161464e-01   1.26880182e+00   1.08528523e-01]
 [ -3.18960943e-02   3.11808884e+00  -4.18457607e-01]
 [  3.67866999e-02  -1.86645770e+00  -5.57421242e-02]
 [ -1.31854239e-01  -2.64674858e-01  -1.48559929e-01]
 [ -1.57434376e+00  -8.11305782e+00  -4.14788502e-01]
 [  1.13832210e+00   4.58072202e+00   4.59662427e-01]
 [ -3.65408846e-01  -9.40521835e-02  -1.58480265e-01]
 [  5.57016423e-01  -1.36850049e+01   3.25066235e-01]
 [ -1.31797128e-01   6.46882830e+00  -1.36537059e-01]
 [ -9.68044841e-02  -5.72568686e-01  -2.98423951e-02]
 [ -8.12597531e-02  -6.91483861e+00  -2.59368971e-01]
 [ -9.50585310e-02   3.39168766e+00  -7.98122215e-03]
 [ -5.95245094e-03  -4.01041515e-01  -3.69785522e-03]
 [  1.18388650e+00  -1.03137319e+00  -1.79529809e-01]
 [ -6.42749446e-01  -8.40104381e-04   1.62931227e-03]
 [  9.64199840e-02   2.24047315e-01  -3.24730979e-04]
 [  3.58638829e-02   6.67686498e+00  -5.81779672e-03]
 [ -4.23969215e-02  -3.35985621e+00  -8.69381015e-03]
 [  3.77168610e-03   5.08081300e-01   1.43753050e-03]
 [ -3.51215587e-02   3.78277329e-01   1.15208037e-01]
 [  9.41390146e-03  -2.95106095e-01  -4.39654234e-02]
 [ -5.76885815e-04   4.49227632e-02   5.32621386e-03]
 [  2.78190032e+00  -1.61839822e+00   9.06396108e-01]
 [ -1.51150504e+00   7.56117839e-01  -3.00459455e-01]
 [  2.26217494e-01   2.60174495e-01   2.92188980e-02]
 [  3.72847007e-01   8.70097029e+00   2.19850633e-01]
 [ -1.39408345e-01  -5.06125309e+00  -4.89500808e-02]
 [  1.31202135e-02   8.06098140e-01   4.52954635e-03]
 [  7.06855012e-02  -1.11304107e+00   2.91136105e-02]
 [ -4.40736452e-04  -5.30586238e-02  -2.84990532e-02]
 [ -9.85720578e-04   3.68921713e-02   4.64334238e-03]
 [  1.32970669e+00  -8.48665336e-01  -5.90412289e-01]
 [ -9.98710508e-01   1.03810231e+00   4.65532455e-02]
 [  1.61329946e-01   5.70943183e-02   5.55387337e-04]
 [ -1.03176140e-01   3.08162238e+00  -6.43489120e-02]
 [ -2.43172846e-02  -2.41931068e+00   1.22732059e-02]
 [  4.00622510e-03   4.17604500e-01  -7.82279276e-04]
 [  1.62740649e-01  -1.97262062e+00  -1.15869072e-01]
 [ -1.98315061e-02   3.04377765e-01   1.58083811e-02]
 [  1.72294036e-04  -8.36079212e-03  -2.07062334e-04]
 [  8.85564085e-02  -2.92758064e+00   1.19282653e-01]
 [ -2.50466666e-01   1.21484899e+00  -1.53276983e-02]
 [  4.80736630e-02  -9.70224390e-02   6.67966702e-04]
 [ -5.65760983e-02   9.90709619e-01   6.07696050e-03]
 [  3.94651760e-03  -6.22348736e-01   3.29697288e-03]
 [  1.51741167e-04   1.08568606e-01  -4.67154295e-04]
 [  1.28744593e-01  -6.13935262e-01   3.38239066e-02]
 [ -2.18646686e-02   1.49988755e-01  -1.66582274e-03]
 [  1.10658590e-03  -9.73702729e-03   5.46071717e-05]]
6
0.0694139065679
[[  2.79598478e+00   1.48413061e+01   3.45741465e+00]
 [  8.14587538e-01  -1.96908383e+01  -4.15634620e-02]
 [ -4.47960880e-01   8.76462110e+00  -7.01897129e-03]
 [  1.62270080e-01  -1.53918183e+01   3.01283371e-01]
 [  7.62138841e-01   9.46833111e-01   2.14690004e-01]
 [ -4.00691272e-02  -3.71353461e+00   4.49749153e-02]
 [  9.81571001e-02  -2.42204164e-01  -6.63290169e-02]
 [ -2.78153595e+00  -3.21745181e+00  -1.76829327e+00]
 [  1.38347846e+00  -1.00195387e+00   8.29252566e-01]
 [ -3.07129913e-01   1.54591694e-01  -1.64466908e-01]
 [ -1.53132542e+00   2.35655832e+00  -1.32359826e+00]
 [ -4.49207496e-01  -5.23437936e+00  -3.90163462e-01]
 [ -1.23498979e-02   4.58344909e-01  -4.57957021e-02]
 [ -5.72432807e-01  -1.82904764e+00   9.38718865e-01]
 [  2.38850480e-01  -1.65455782e+00   1.04034549e-01]
 [ -1.41536629e-01   1.35462782e+00   9.72295155e-02]
 [  1.10454191e-01   3.46732354e+00  -5.62696097e-01]
 [ -7.96733885e-03  -1.72203729e+00  -4.96032401e-02]
 [ -1.32303681e-01  -2.29751047e-01  -1.21227157e-01]
 [ -2.00140939e+00  -7.71191029e+00  -4.48562259e-01]
 [  1.28219888e+00   4.47637360e+00   4.78300385e-01]
 [ -3.93404493e-01  -9.85540749e-02  -1.69332460e-01]
 [  7.35924604e-01  -1.36974158e+01   4.47745914e-01]
 [ -1.57273067e-01   6.44839112e+00  -1.80616760e-01]
 [ -1.02148153e-01  -5.78088464e-01  -2.84865677e-02]
 [ -2.01374303e-01  -6.59031274e+00  -2.60516752e-01]
 [ -8.10377092e-02   3.32802890e+00  -1.24850708e-02]
 [ -7.72059669e-03  -3.98788517e-01  -3.54364396e-03]
 [  1.31605106e+00  -8.71194680e-01  -1.49932622e-01]
 [ -6.85740012e-01   8.86667484e-03  -2.12767423e-02]
 [  9.72709082e-02   2.27692145e-01   4.40839001e-03]
 [  1.13538665e-01   6.55316155e+00   2.90939177e-03]
 [ -7.30928737e-02  -3.31952695e+00  -1.83790677e-02]
 [  8.50772971e-03   5.05796151e-01   3.21548254e-03]
 [ -8.64991505e-02   3.78828901e-01   1.25813863e-01]
 [  3.27198550e-02  -3.08104715e-01  -5.32365065e-02]
 [ -3.59972898e-03   4.70488521e-02   6.86654508e-03]
 [  2.68512268e+00  -2.66099423e+00   1.24084068e+00]
 [ -1.51047402e+00   1.08460321e+00  -4.36935243e-01]
 [  2.20992200e-01   2.37058360e-01   4.89917646e-02]
 [  4.39031030e-01   8.62161741e+00   2.53658638e-01]
 [ -1.74840557e-01  -5.00715683e+00  -6.69347676e-02]
 [  1.94796645e-02   8.02680886e-01   7.56405756e-03]
 [  4.26247247e-03  -9.81171420e-01   5.79637077e-02]
 [  3.21336091e-02  -1.02693181e-01  -4.31835859e-02]
 [ -5.32210614e-03   4.29382395e-02   6.87777791e-03]
 [  1.51372105e+00  -5.96336977e-01  -5.66431128e-01]
 [ -1.05099940e+00   1.08472928e+00  -5.26130259e-03]
 [  1.63334796e-01   5.21242622e-02   1.06802564e-02]
 [ -6.73607199e-02   2.82923711e+00  -8.52585232e-02]
 [ -3.95507737e-02  -2.33630474e+00   1.05544569e-02]
 [  6.80500792e-03   4.10843036e-01   2.60715359e-04]
 [  1.26034744e-01  -2.01141090e+00  -9.64281624e-02]
 [ -2.85376812e-03   2.96830663e-01   7.68183106e-03]
 [ -2.05934628e-03  -6.34286032e-03   9.37759200e-04]
 [  1.89247476e-02  -3.17544925e+00   2.15155581e-01]
 [ -2.49085446e-01   1.28641570e+00  -4.55591725e-02]
 [  4.82581145e-02  -1.03147487e-01   4.62495800e-03]
 [ -1.42037140e-02   7.93096735e-01  -1.94234648e-02]
 [ -6.27607189e-03  -5.64871783e-01   8.38288123e-03]
 [  1.27919048e-03   1.03432298e-01  -6.76204078e-04]
 [  1.27050227e-01  -6.57767898e-01   2.31288909e-02]
 [ -1.92510034e-02   1.56971044e-01  -1.15292666e-03]
 [  6.77730991e-04  -9.98853531e-03   1.61604700e-04]]
7
0.0661080026148
[[  2.85041445e+00   1.49019011e+01   3.38800373e+00]
 [  6.46048943e-01  -1.88926122e+01  -5.76239063e-02]
 [ -4.47210324e-01   8.78751049e+00  -1.15140770e-01]
 [  2.45415031e-02  -1.45778243e+01   3.51449528e-01]
 [  7.35414247e-01   1.12475242e+00   1.68104470e-01]
 [ -4.38718218e-02  -3.70500396e+00   6.17880825e-02]
 [  1.20301017e-01  -3.06417641e-01  -1.19208786e-01]
 [ -2.79899236e+00  -3.36374906e+00  -1.69060728e+00]
 [  1.36888862e+00  -9.07156722e-01   7.95527960e-01]
 [ -2.97081002e-01   1.43268420e-01  -1.61859023e-01]
 [ -1.65632177e+00   1.52124811e+00  -1.18334058e+00]
 [ -5.22666281e-01  -5.27001674e+00  -3.29230623e-01]
 [ -6.57788527e-02   4.79838010e-01  -8.66548791e-03]
 [ -4.84453321e-01  -1.48099072e+00   1.04408716e+00]
 [  3.14468783e-01  -1.72929698e+00   1.03953905e-01]
 [ -1.46296027e-01   1.33840212e+00   1.09671145e-01]
 [ -2.10646277e-02   3.07110989e+00  -6.32030381e-01]
 [ -4.49653249e-04  -1.70718962e+00  -1.47577531e-01]
 [ -1.59443448e-01  -2.55205645e-01  -1.27443909e-01]
 [ -1.79581335e+00  -8.59191567e+00  -3.79948479e-01]
 [  1.20458551e+00   4.83401316e+00   4.38662938e-01]
 [ -3.71146105e-01  -1.40529382e-01  -1.67703775e-01]
 [  7.82836002e-01  -1.41003047e+01   6.00927151e-01]
 [ -1.73592818e-01   6.70623478e+00  -2.38727595e-01]
 [ -9.32419337e-02  -6.13309373e-01  -2.39748840e-02]
 [ -3.31075059e-02  -7.35324854e+00  -2.31091980e-01]
 [ -1.13378756e-01   3.58065639e+00  -4.05548603e-02]
 [ -4.01715245e-03  -4.28131555e-01  -5.23508714e-05]
 [  1.34832453e+00  -9.38152573e-01  -5.82423676e-02]
 [ -7.01235186e-01  -1.39959700e-02  -6.93728717e-02]
 [  9.93705524e-02   2.30560066e-01   1.91756206e-02]
 [  1.47211287e-01   6.56879763e+00  -5.86448253e-02]
 [ -9.31550734e-02  -3.34425254e+00   1.88941759e-02]
 [  1.09765119e-02   5.09926843e-01  -2.54769305e-03]
 [ -9.61466177e-02   4.50672954e-01   1.61434624e-01]
 [  3.25436668e-02  -3.37696690e-01  -5.72255575e-02]
 [ -3.51349805e-03   5.09241353e-02   6.55036290e-03]
 [  2.83656534e+00  -1.88061601e+00   9.68510199e-01]
 [ -1.57145993e+00   8.37423150e-01  -3.40483031e-01]
 [  2.28711697e-01   2.61675013e-01   5.20092911e-02]
 [  5.11830228e-01   8.74527719e+00   1.39887568e-01]
 [ -2.10007142e-01  -5.08126559e+00  -4.79314182e-03]
 [  2.37020336e-02   8.13206000e-01  -1.76588997e-03]
 [  4.78121861e-02  -9.60767859e-01   4.06274734e-02]
 [  2.03054363e-02  -1.30091485e-01  -3.91509630e-02]
 [ -4.28438906e-03   4.74954967e-02   5.91063883e-03]
 [  1.47240404e+00  -6.83620464e-01  -7.90304495e-01]
 [ -1.06085668e+00   1.04596800e+00   1.01925459e-01]
 [  1.66000704e-01   5.87688898e-02   4.29789242e-03]
 [ -1.19786664e-01   3.00744688e+00  -1.25182457e-01]
 [ -4.09823044e-02  -2.41224359e+00   4.03076897e-02]
 [  7.82704388e-03   4.20342675e-01  -4.45979308e-03]
 [  1.39931458e-01  -1.99123267e+00  -1.10524981e-01]
 [ -8.57051261e-03   2.81530811e-01   1.03519347e-02]
 [ -1.47184666e-03  -3.91965095e-03   4.81802573e-04]
 [  1.29207363e-01  -2.88710555e+00   1.99694844e-01]
 [ -2.77614883e-01   1.23126607e+00  -1.18255028e-02]
 [  5.11559529e-02  -9.94552719e-02   1.14739733e-03]
 [ -5.84824843e-02   8.57061854e-01   3.54262882e-02]
 [  3.09557786e-03  -5.96498050e-01   4.14643170e-03]
 [  6.50749229e-04   1.07450489e-01  -1.02851922e-03]
 [  1.38142331e-01  -6.39870358e-01   2.30707102e-02]
 [ -2.11647097e-02   1.50500630e-01  -1.28544570e-03]
 [  8.20528423e-04  -9.14895547e-03   1.38462827e-04]]
8
0.0708774975786
[[  3.02487297e+00   1.41426875e+01   3.25007833e+00]
 [  4.90570052e-01  -1.85172977e+01  -1.16037581e-01]
 [ -1.12763370e-01   7.92865387e+00  -1.37477169e-01]
 [  4.86048319e-02  -1.43826569e+01   2.78181782e-01]
 [  8.89734963e-01   1.25509675e+00   2.98771009e-01]
 [  2.95686335e-03  -3.89500462e+00   4.63190038e-02]
 [  6.91622023e-02  -3.77509004e-01  -7.26665568e-02]
 [ -2.93483103e+00  -2.78738836e+00  -1.53798982e+00]
 [  1.44161385e+00  -1.15505908e+00   7.00547279e-01]
 [ -3.15641430e-01   1.86086182e-01  -1.33582754e-01]
 [ -1.78558909e+00   2.03163291e+00  -1.21756824e+00]
 [ -4.74441823e-01  -5.29535717e+00  -3.86668108e-01]
 [ -5.53934375e-02   5.52771071e-01  -7.88000512e-02]
 [ -3.44529981e-01  -1.67051784e+00   1.10435468e+00]
 [  2.69613679e-01  -1.99215602e+00   1.52784318e-01]
 [ -1.55277148e-01   1.41068447e+00   8.05537787e-02]
 [  1.06933412e-02   3.20609977e+00  -5.45588698e-01]
 [  2.63865353e-02  -1.81291991e+00  -5.59963385e-02]
 [ -1.62301613e-01  -2.74249058e-01  -1.73926344e-01]
 [ -1.79768841e+00  -8.48278144e+00  -2.32578288e-01]
 [  1.26785902e+00   4.55399304e+00   3.38255601e-01]
 [ -3.96108940e-01  -7.30133796e-02  -1.28745380e-01]
 [  4.29323565e-01  -1.30374664e+01   6.02276761e-01]
 [ -6.65852227e-02   6.25645164e+00  -2.39599778e-01]
 [ -1.12253281e-01  -5.42364639e-01  -1.10788242e-02]
 [ -2.00774621e-01  -7.32048431e+00  -1.40858769e-01]
 [ -5.66624483e-02   3.47753011e+00  -5.15104298e-02]
 [ -1.17379851e-02  -4.06633910e-01   2.76865007e-03]
 [  1.19907724e+00  -1.20781485e+00  -2.36879883e-01]
 [ -6.56695694e-01   1.31805374e-01   1.05402637e-02]
 [  9.90736583e-02   2.02894137e-01   2.78696779e-03]
 [  8.66319003e-02   6.78380186e+00  -3.66919650e-03]
 [ -7.28989080e-02  -3.41848423e+00  -8.53359590e-03]
 [  8.97341869e-03   5.16927853e-01   1.52825430e-04]
 [ -3.75387794e-02   5.08618502e-01   1.24530742e-01]
 [  9.38124119e-03  -3.55299129e-01  -5.03242934e-02]
 [ -6.87334972e-04   5.34043825e-02   6.07965649e-03]
 [  2.87283939e+00  -2.48119041e+00   1.05121123e+00]
 [ -1.54774141e+00   1.09473056e+00  -3.38136069e-01]
 [  2.31076325e-01   2.16182451e-01   3.86713806e-02]
 [  4.50727714e-01   8.92024096e+00   2.36217460e-01]
 [ -1.85349383e-01  -5.17415522e+00  -5.06381807e-02]
 [  2.10936603e-02   8.22560529e-01   2.82402127e-03]
 [  5.65002668e-02  -1.03148762e+00   6.51874928e-02]
 [  3.28308795e-03  -1.19499517e-01  -4.09480330e-02]
 [ -1.53353516e-03   4.79368676e-02   5.92129863e-03]
 [  1.35745094e+00  -5.83933777e-01  -7.86836007e-01]
 [ -1.01392850e+00   1.07460177e+00   9.61153155e-02]
 [  1.63330213e-01   4.53922200e-02  -1.27423791e-03]
 [ -8.74044167e-02   3.25839880e+00  -1.31062941e-01]
 [ -4.22327569e-02  -2.49391463e+00   2.59045484e-02]
 [  7.63525332e-03   4.27789736e-01  -2.62835646e-03]
 [  1.35378852e-01  -2.08077653e+00  -9.67664053e-02]
 [ -1.29542906e-02   3.02625618e-01   9.15231491e-03]
 [ -5.42167010e-04  -5.28517594e-03   4.95417269e-04]
 [  7.68812077e-02  -2.96116063e+00   2.26858050e-01]
 [ -2.54754473e-01   1.24731733e+00  -3.22281215e-02]
 [  4.89231916e-02  -1.02301381e-01   2.14218868e-03]
 [ -5.18073488e-02   9.73916644e-01  -3.00437421e-02]
 [  7.11816809e-05  -6.32217430e-01   1.34485114e-02]
 [  9.68407455e-04   1.10730511e-01  -1.54035912e-03]
 [  1.35635172e-01  -6.50245949e-01   4.12319450e-02]
 [ -2.15488955e-02   1.55668442e-01  -2.90882659e-03]
 [  9.67313547e-04  -9.64217247e-03   1.63180078e-04]]
9
0.0718114285223
[[  2.87197312e+00   1.50636864e+01   3.36031047e+00]
 [  4.65026108e-01  -1.88834148e+01   2.39323023e-01]
 [ -2.53346240e-01   8.64132289e+00  -7.19928065e-02]
 [ -3.85724430e-02  -1.46170322e+01   5.06836075e-01]
 [  8.06598435e-01   8.41481462e-01   1.77829523e-01]
 [  2.92527056e-03  -3.85234526e+00   3.10063365e-02]
 [  9.33411024e-02  -2.35042538e-01  -7.30101168e-02]
 [ -2.77232339e+00  -3.53712113e+00  -1.71898767e+00]
 [  1.34305182e+00  -8.20331021e-01   8.26854072e-01]
 [ -2.89686510e-01   1.27826176e-01  -1.64864813e-01]
 [ -1.78749331e+00   1.97084730e+00  -1.15672386e+00]
 [ -4.65766490e-01  -5.34208114e+00  -3.83013665e-01]
 [ -7.89917891e-02   5.86677097e-01  -1.37907104e-03]
 [ -3.93431172e-01  -1.72587323e+00   8.55321125e-01]
 [  2.78842838e-01  -1.89544128e+00   5.04427368e-02]
 [ -1.64819421e-01   1.32961272e+00   1.14107411e-01]
 [ -8.15815136e-02   3.31321694e+00  -4.89405476e-01]
 [  3.62220151e-02  -1.67158417e+00  -4.43672248e-02]
 [ -1.53269192e-01  -1.89941083e-01  -1.21533123e-01]
 [ -1.63752885e+00  -8.65553610e+00  -7.40082150e-01]
 [  1.15031168e+00   4.86845930e+00   5.78711485e-01]
 [ -3.59396177e-01  -1.49634996e-01  -1.81396416e-01]
 [  5.97036127e-01  -1.38748908e+01   4.06872978e-01]
 [ -1.31209199e-01   6.60675750e+00  -1.40163426e-01]
 [ -9.42040940e-02  -6.01356539e-01  -3.49466300e-02]
 [ -4.32972619e-02  -7.30963969e+00  -4.22042019e-01]
 [ -1.01174711e-01   3.52759850e+00   2.37768150e-02]
 [ -5.07488844e-03  -4.18776255e-01  -6.81968028e-03]
 [  1.28348154e+00  -6.41424686e-01  -9.34069090e-02]
 [ -6.87721437e-01  -1.13160093e-01  -3.93762586e-02]
 [  1.02123015e-01   2.42275058e-01   5.33264686e-03]
 [  8.20950287e-02   6.77641995e+00   1.33647194e-02]
 [ -6.70134501e-02  -3.43133407e+00  -2.22072217e-02]
 [  7.18252319e-03   5.18414173e-01   3.58087420e-03]
 [ -5.69896128e-02   3.42402791e-01   1.09371026e-01]
 [  1.53519024e-02  -2.94488018e-01  -4.14545120e-02]
 [ -1.30934701e-03   4.55361204e-02   5.05786876e-03]
 [  2.93376456e+00  -2.13327309e+00   1.04687452e+00]
 [ -1.59463787e+00   8.58112893e-01  -3.68004958e-01]
 [  2.37377958e-01   2.62929382e-01   3.88646155e-02]
 [  4.33578850e-01   8.97649545e+00   2.82180287e-01]
 [ -1.74644625e-01  -5.21251742e+00  -8.14527768e-02]
 [  1.82282653e-02   8.26935884e-01   9.22225617e-03]
 [  8.37922150e-02  -1.11387434e+00   3.73458214e-03]
 [ -1.46112356e-03  -6.68985748e-02  -2.18785951e-02]
 [ -1.23103019e-03   3.94378799e-02   4.05548046e-03]
 [  1.42546986e+00  -5.95150777e-01  -5.51137871e-01]
 [ -1.05113628e+00   1.03425879e+00   1.90768961e-02]
 [  1.68385995e-01   5.94035004e-02   4.98915838e-03]
 [ -9.76367512e-02   3.21590694e+00  -2.26010426e-02]
 [ -3.72805263e-02  -2.50572123e+00  -8.38730621e-03]
 [  6.27655620e-03   4.30029077e-01   2.14707769e-03]
 [  1.61404129e-01  -2.01926199e+00  -1.24292884e-01]
 [ -2.00651465e-02   3.03500205e-01   1.82910291e-02]
 [  1.26382725e-04  -7.23189791e-03  -4.23478744e-04]
 [  1.67995814e-01  -3.06414586e+00   1.62714610e-01]
 [ -2.80340284e-01   1.26573753e+00  -2.66758366e-02]
 [  5.15636542e-02  -1.02153462e-01   1.96523986e-03]
 [ -6.35092480e-02   8.88096422e-01   7.28359379e-03]
 [  3.34710168e-03  -6.22553241e-01  -1.45365967e-03]
 [  4.78114351e-04   1.10515203e-01   3.35388207e-04]
 [  1.36104898e-01  -6.72611818e-01   1.86868886e-02]
 [ -2.27251036e-02   1.58407813e-01   8.01324905e-04]
 [  1.13523543e-03  -1.00226125e-02  -9.91544212e-05]]
10
0.0559591780985
[[  2.72084057e+00   1.48403478e+01   3.48844418e+00]
 [  6.45150026e-01  -1.88558739e+01  -1.55655187e-01]
 [ -4.21893983e-01   8.74066498e+00   6.23884321e-02]
 [  1.29843225e-01  -1.48654165e+01   2.48096664e-01]
 [  8.67498322e-01   7.12379224e-01   2.15163161e-01]
 [ -1.00465487e-03  -3.85577619e+00   6.58439927e-02]
 [  7.43413701e-02  -3.15636473e-01  -6.22885823e-02]
 [ -2.67201524e+00  -3.33523406e+00  -1.74815051e+00]
 [  1.31774625e+00  -9.08949731e-01   7.94360679e-01]
 [ -2.91095735e-01   1.51710195e-01  -1.49592603e-01]
 [ -1.57604264e+00   2.27587888e+00  -1.51773406e+00]
 [ -4.63839155e-01  -5.13715967e+00  -3.98026863e-01]
 [ -5.88924130e-02   5.12021913e-01  -2.83103995e-02]
 [ -3.86927252e-01  -2.36973458e+00   1.06125678e+00]
 [  2.97784045e-01  -2.01716561e+00   1.21248161e-01]
 [ -1.42470176e-01   1.43276284e+00   7.46372306e-02]
 [ -8.79848356e-02   3.33648430e+00  -7.29355845e-01]
 [  7.38380560e-04  -1.64603391e+00  -4.61234474e-02]
 [ -1.69962557e-01  -2.97253181e-01  -9.78203895e-02]
 [ -1.75998878e+00  -8.69807769e+00  -3.27692733e-01]
 [  1.17334282e+00   4.87637094e+00   4.26648098e-01]
 [ -3.67734439e-01  -1.28226544e-01  -1.47916149e-01]
 [  7.43000648e-01  -1.39723790e+01   3.77443224e-01]
 [ -1.72528332e-01   6.65901825e+00  -1.55268505e-01]
 [ -9.34108283e-02  -5.95594948e-01  -2.39971774e-02]
 [ -1.52727752e-01  -7.00914543e+00  -1.98599778e-01]
 [ -8.85371149e-02   3.46892689e+00  -1.80328693e-02]
 [ -6.00378845e-03  -4.10977819e-01  -2.20779632e-03]
 [  1.15475247e+00  -5.49694442e-01  -1.10920821e-01]
 [ -6.10084145e-01  -1.28865575e-01  -4.85582134e-02]
 [  8.51636035e-02   2.44903364e-01   7.88885419e-03]
 [  6.99047378e-02   6.72993557e+00  -1.90140359e-02]
 [ -5.57156019e-02  -3.39929812e+00  -9.15471418e-03]
 [  5.49406074e-03   5.13607164e-01   1.19952125e-03]
 [ -4.86036403e-02   4.37719787e-01   1.14727813e-01]
 [  1.62397104e-02  -3.26908137e-01  -4.60180206e-02]
 [ -1.43243067e-03   4.99470290e-02   5.62202524e-03]
 [  2.62113699e+00  -2.20087926e+00   1.39052895e+00]
 [ -1.43224988e+00   8.47583538e-01  -4.98291571e-01]
 [  2.04247176e-01   2.68654865e-01   5.65678097e-02]
 [  4.15820610e-01   8.78376304e+00   2.49812683e-01]
 [ -1.58648911e-01  -5.13862134e+00  -5.99961150e-02]
 [  1.58682271e-02   8.17245960e-01   5.12427421e-03]
 [  5.15672848e-02  -1.03277623e+00   4.72320991e-02]
 [  1.10448877e-02  -9.73397945e-02  -3.51683834e-02]
 [ -2.40571331e-03   4.42599768e-02   5.26039102e-03]
 [  1.34490184e+00   2.74936352e-02  -6.16286748e-01]
 [ -9.80251059e-01   8.83371029e-01  -2.13945855e-02]
 [  1.51158487e-01   7.49870631e-02   1.42882620e-02]
 [ -1.24808895e-01   3.25176734e+00  -9.43607795e-02]
 [ -2.46837553e-02  -2.48916261e+00   1.34436344e-02]
 [  4.68898168e-03   4.26211186e-01  -7.66029776e-04]
 [  1.25650057e-01  -2.09220360e+00  -7.69557592e-02]
 [ -7.75676032e-03   3.14221237e-01   6.38944302e-03]
 [ -1.06455656e-03  -7.08855510e-03   5.38767901e-04]
 [  1.88631901e-01  -2.80099506e+00   3.00788320e-01]
 [ -2.78507444e-01   1.17404819e+00  -6.85938381e-02]
 [  4.89704255e-02  -9.21928137e-02   7.28056270e-03]
 [ -4.66036141e-02   8.70698418e-01  -2.50880068e-02]
 [  2.67422170e-03  -6.13989953e-01   9.79026589e-03]
 [  3.18712541e-04   1.09170870e-01  -9.54139151e-04]
 [  1.37343886e-01  -6.35205418e-01   1.50177425e-02]
 [ -2.05336001e-02   1.55559274e-01   1.62238752e-04]
 [  8.27169466e-04  -9.88635644e-03  -2.06510128e-05]]
11
0.0570780895567
[[  2.76328765e+00   1.46634015e+01   3.43565452e+00]
 [  7.26261347e-01  -1.87250383e+01  -1.60630394e-01]
 [ -4.72865446e-01   8.23242963e+00   1.08050217e-01]
 [  1.40855714e-01  -1.44999785e+01   2.12700699e-01]
 [  6.78165231e-01   7.45576317e-01   1.04939571e-01]
 [  2.07301647e-02  -3.79287948e+00   1.12138845e-01]
 [  8.51232384e-02  -2.51567974e-01  -3.73030268e-02]
 [ -2.75397349e+00  -3.13448601e+00  -1.71554913e+00]
 [  1.37707465e+00  -1.05368419e+00   7.98918634e-01]
 [ -3.07007244e-01   1.80169384e-01  -1.59379422e-01]
 [ -1.42855778e+00   1.75491620e+00  -1.10391145e+00]
 [ -4.94165786e-01  -5.29173756e+00  -2.49358795e-01]
 [ -6.12921212e-02   5.37284494e-01   1.58492530e-02]
 [ -4.49981069e-01  -2.02770403e+00   7.42981967e-01]
 [  2.50814662e-01  -1.85401784e+00   4.89622766e-02]
 [ -1.39938376e-01   1.46458088e+00   9.65395395e-02]
 [ -1.00690216e-01   3.04824285e+00  -5.11592890e-01]
 [ -1.88707379e-02  -1.79934055e+00   3.34238379e-02]
 [ -1.53650440e-01  -2.15136542e-01  -6.24210841e-02]
 [ -1.86941937e+00  -8.48064835e+00  -3.58937591e-01]
 [  1.23829927e+00   4.61442216e+00   4.37572180e-01]
 [ -3.88390867e-01  -7.48571282e-02  -1.62985054e-01]
 [  7.93353372e-01  -1.33596355e+01   3.39798470e-01]
 [ -1.82011707e-01   6.38764105e+00  -1.69281063e-01]
 [ -9.85619031e-02  -5.54407501e-01  -2.80442493e-02]
 [ -1.52137004e-01  -7.23345250e+00  -2.47909149e-01]
 [ -9.58708277e-02   3.46539871e+00  -1.61611854e-02]
 [ -6.03747572e-03  -4.04684880e-01  -2.81105750e-03]
 [  1.39006853e+00  -4.91600346e-01  -3.50961154e-02]
 [ -7.11440581e-01  -2.12209685e-01  -5.71579447e-02]
 [  1.09742517e-01   2.64874516e-01   1.03503646e-02]
 [  5.22814187e-02   6.65311208e+00  -1.22500080e-01]
 [ -5.52126613e-02  -3.35884279e+00   4.65868051e-02]
 [  6.11722237e-03   5.08383702e-01  -5.64258564e-03]
 [ -6.36458155e-02   3.62807574e-01   7.05785476e-02]
 [  2.12554808e-02  -2.93108892e-01  -2.50894542e-02]
 [ -2.32633611e-03   4.49504292e-02   3.09208122e-03]
 [  2.54640641e+00  -1.68735844e+00   1.06398026e+00]
 [ -1.45194513e+00   6.03170360e-01  -3.94177441e-01]
 [  2.28563803e-01   3.14264495e-01   4.79966258e-02]
 [  4.60629189e-01   8.83448149e+00   8.49235564e-02]
 [ -1.75280133e-01  -5.09963113e+00   3.13593035e-02]
 [  1.83819473e-02   8.10116407e-01  -6.54197778e-03]
 [  5.75406754e-02  -1.08674502e+00  -9.88722800e-03]
 [  9.64401740e-03  -5.72571516e-02  -4.97885754e-03]
 [ -2.85100581e-03   3.73340609e-02   1.46976979e-03]
 [  1.32424599e+00  -1.25730309e-01  -4.54051026e-01]
 [ -9.60349347e-01   8.21692048e-01  -1.53763794e-02]
 [  1.58853401e-01   9.70049771e-02   1.18107995e-02]
 [ -5.79182266e-02   3.12919961e+00  -4.54561046e-02]
 [ -4.42028549e-02  -2.43530633e+00   3.70600275e-02]
 [  6.95442971e-03   4.19396352e-01  -5.43578704e-03]
 [  1.36664945e-01  -2.11470037e+00  -9.32875029e-02]
 [ -1.22806840e-02   3.32258265e-01   1.90707283e-02]
 [ -8.39151179e-04  -1.04453672e-02  -1.21645763e-03]
 [  1.99565588e-01  -2.73260073e+00   1.92924794e-01]
 [ -2.67885436e-01   1.15496198e+00  -4.43541153e-02]
 [  4.93734544e-02  -8.67972884e-02   5.15744901e-03]
 [ -1.09846741e-02   9.89946233e-01  -1.71949344e-02]
 [ -7.34487605e-03  -6.28208813e-01   1.12301057e-02]
 [  1.35003107e-03   1.09366562e-01  -1.62801463e-03]
 [  1.33149504e-01  -6.76009820e-01   9.12988594e-03]
 [ -2.11727863e-02   1.65083964e-01   2.01419286e-03]
 [  9.14235858e-04  -1.10258168e-02  -2.98615722e-04]]
12
0.0797561900584
[[  2.74145749e+00   1.51626815e+01   3.26628129e+00]
 [  4.73447459e-01  -1.90111757e+01   1.79035069e-01]
 [ -3.28833760e-01   8.81960833e+00  -2.92350373e-01]
 [  2.03522120e-02  -1.47281603e+01   2.64721648e-01]
 [  9.60260208e-01   1.03336645e+00  -4.94305504e-02]
 [ -3.54938854e-02  -3.73689371e+00   1.07937309e-01]
 [  6.09248138e-02  -3.31648452e-01  -3.23455407e-02]
 [ -2.68154286e+00  -3.63370150e+00  -1.61767725e+00]
 [  1.31997873e+00  -7.42074317e-01   7.49266651e-01]
 [ -2.91972771e-01   9.47741033e-02  -1.43680306e-01]
 [ -1.52839080e+00   1.83337595e+00  -1.43946861e+00]
 [ -4.27406056e-01  -5.30132018e+00  -3.97950001e-01]
 [ -7.08933890e-02   4.94944312e-01  -4.72872005e-02]
 [ -3.62991509e-01  -1.71141099e+00   6.55235829e-01]
 [  2.42825302e-01  -1.78282594e+00   1.93508262e-01]
 [ -1.39957276e-01   1.35728972e+00   9.50714235e-02]
 [ -2.00094748e-02   3.35076527e+00  -6.19004246e-01]
 [  6.13106591e-02  -1.75786879e+00  -1.12864569e-01]
 [ -1.59110638e-01  -3.24932085e-01  -1.10190840e-01]
 [ -1.61801378e+00  -8.60810162e+00  -5.18836398e-01]
 [  1.12930839e+00   4.93499149e+00   4.32197777e-01]
 [ -3.62973061e-01  -2.00115957e-01  -1.43786237e-01]
 [  7.08065253e-01  -1.39806124e+01   7.04901473e-01]
 [ -1.81854585e-01   6.63915383e+00  -2.57004590e-01]
 [ -9.09008257e-02  -6.25843632e-01  -1.14830513e-02]
 [ -1.18150374e-01  -7.17654838e+00  -7.35794343e-02]
 [ -9.42646817e-02   3.48402403e+00  -7.63784955e-02]
 [ -5.26951524e-03  -4.18740932e-01   5.46785220e-03]
 [  1.03089509e+00  -8.37562598e-01   2.46624881e-01]
 [ -5.57570048e-01  -3.11375499e-02  -2.17259929e-01]
 [  7.73576190e-02   2.27603819e-01   3.99416357e-02]
 [  1.25402507e-01   6.60837150e+00  -9.92216424e-02]
 [ -8.15984853e-02  -3.36357951e+00   3.24414008e-02]
 [  9.52102474e-03   5.11536220e-01  -4.95359320e-03]
 [ -2.31833239e-02   4.54388383e-01   7.69663086e-02]
 [  2.92484261e-03  -3.37563791e-01  -2.69301520e-02]
 [  4.12289590e-04   5.17076298e-02   2.77046216e-03]
 [  2.50027344e+00  -2.04794820e+00   1.60028315e+00]
 [ -1.36452044e+00   8.69890149e-01  -7.00517970e-01]
 [  1.94100511e-01   2.52795008e-01   1.04009971e-01]
 [  4.34141551e-01   8.78731839e+00   1.81557912e-01]
 [ -1.83031853e-01  -5.11101792e+00  -5.38687761e-03]
 [  2.06085013e-02   8.15951704e-01  -3.90473752e-03]
 [  8.28368233e-02  -1.01801872e+00   5.08833238e-02]
 [ -9.79773434e-03  -1.13292846e-01  -1.78223376e-02]
 [  6.41266129e-04   4.71845764e-02   1.70156322e-03]
 [  1.29523795e+00  -3.70369301e-01  -1.94334245e-01]
 [ -9.47571606e-01   9.45786425e-01  -2.00962874e-01]
 [  1.46644594e-01   6.67307579e-02   4.70097775e-02]
 [ -7.97987413e-02   3.05164423e+00  -1.68149978e-01]
 [ -4.11086087e-02  -2.43462531e+00   4.97017816e-02]
 [  7.15956607e-03   4.22473629e-01  -6.21014653e-03]
 [  1.30659652e-01  -2.05158955e+00  -7.34659783e-02]
 [ -1.70042138e-02   3.00254613e-01   1.37431098e-02]
 [  4.74397890e-04  -5.12878025e-03  -1.17517246e-03]
 [  1.07384605e-01  -2.96111268e+00   2.96592973e-01]
 [ -2.50124343e-01   1.21227202e+00  -9.89553970e-02]
 [  4.59294996e-02  -9.58451024e-02   1.49601763e-02]
 [ -7.14385099e-02   8.91702109e-01   5.13129944e-03]
 [  4.19542804e-03  -6.06565644e-01   1.13781501e-02]
 [  5.38282421e-04   1.08271998e-01  -1.89135274e-03]
 [  1.28050249e-01  -6.28526872e-01   3.54675337e-02]
 [ -2.09178519e-02   1.53625100e-01  -2.15418287e-03]
 [  1.09284154e-03  -9.55398764e-03  -1.34728530e-04]]
13
0.0832477648651
[[  2.83701554e+00   1.49799290e+01   3.44530133e+00]
 [  7.20771680e-01  -1.90701733e+01  -5.80234177e-03]
 [ -4.48351419e-01   8.68924182e+00  -2.65112766e-02]
 [  1.55225300e-01  -1.50752185e+01   3.04021757e-01]
 [  6.36613290e-01   7.55072227e-01   2.22137731e-01]
 [ -1.37022367e-02  -3.76179568e+00   1.35861396e-02]
 [  9.77711800e-02  -2.31171441e-01  -6.27416004e-02]
 [ -2.80482640e+00  -3.42858949e+00  -1.75943701e+00]
 [  1.38893505e+00  -8.88942573e-01   8.26364904e-01]
 [ -3.06046579e-01   1.38264105e-01  -1.61603410e-01]
 [ -1.38209044e+00   1.94670672e+00  -1.13542736e+00]
 [ -5.22395887e-01  -5.25241321e+00  -3.52831153e-01]
 [ -6.32862544e-02   5.00645431e-01  -1.13231419e-02]
 [ -5.91136404e-01  -2.47779163e+00   1.07669006e+00]
 [  2.71721141e-01  -1.70597139e+00   3.22442593e-02]
 [ -1.41970202e-01   1.36393686e+00   8.13152682e-02]
 [ -3.30214004e-02   3.75570652e+00  -4.58592887e-01]
 [ -4.28484817e-03  -1.71372468e+00  -1.21943176e-02]
 [ -1.26460719e-01  -2.05717800e-01  -1.35700042e-01]
 [ -1.88873257e+00  -8.42339914e+00  -5.27531740e-01]
 [  1.24777358e+00   4.75945593e+00   5.15419698e-01]
 [ -3.86057745e-01  -1.36092608e-01  -1.71529354e-01]
 [  7.61145446e-01  -1.37875231e+01   4.52922247e-01]
 [ -1.67323480e-01   6.53805209e+00  -1.68245516e-01]
 [ -9.85459463e-02  -5.92566052e-01  -3.01578357e-02]
 [ -1.71995257e-01  -6.80851673e+00  -2.74990537e-01]
 [ -8.74371242e-02   3.38648893e+00  -5.25969498e-03]
 [ -6.62660548e-03  -4.04541647e-01  -4.49103458e-03]
 [  1.42684532e+00  -4.96670101e-01  -1.44429339e-01]
 [ -7.21850119e-01  -2.00895723e-01  -1.80102584e-02]
 [  1.08153486e-01   2.55989663e-01   7.32903454e-03]
 [  1.12321070e-01   6.62218366e+00   3.75185506e-02]
 [ -8.30182107e-02  -3.35758117e+00  -2.79455680e-02]
 [  9.98274228e-03   5.07450319e-01   3.64185110e-03]
 [ -6.44853737e-02   3.64750127e-01   1.00695413e-01]
 [  1.75679427e-02  -3.04421262e-01  -4.01930367e-02]
 [ -1.71632294e-03   4.70404560e-02   5.04787880e-03]
 [  2.55903221e+00  -1.71963870e+00   9.31675879e-01]
 [ -1.47512698e+00   5.52442090e-01  -2.95900567e-01]
 [  2.27628400e-01   3.11511483e-01   3.59321307e-02]
 [  5.07733810e-01   8.73516058e+00   2.66145829e-01]
 [ -2.06339788e-01  -5.08823866e+00  -7.56253471e-02]
 [  2.32632502e-02   8.08403271e-01   7.92289259e-03]
 [  6.64427273e-02  -1.02136631e+00   1.16415140e-02]
 [  1.61009194e-03  -8.85312268e-02  -2.38178809e-02]
 [ -1.65393546e-03   4.17461674e-02   4.29411542e-03]
 [  1.47557878e+00   4.13707795e-01  -8.24897241e-01]
 [ -1.01434628e+00   6.08678595e-01   1.25272656e-01]
 [  1.62740160e-01   1.16570847e-01  -4.59802131e-03]
 [ -7.95705739e-02   2.95278495e+00  -1.71291127e-02]
 [ -4.87101100e-02  -2.40497714e+00  -5.29395017e-03]
 [  8.42451731e-03   4.16882477e-01   1.31115799e-03]
 [  1.37239088e-01  -2.02683598e+00  -9.45994082e-02]
 [ -1.55542480e-02   3.06843431e-01   1.18950131e-02]
 [ -2.65170497e-04  -7.55449642e-03   1.21081089e-04]
 [  1.47281695e-01  -3.27644326e+00   9.67020400e-02]
 [ -2.65832801e-01   1.22180967e+00   4.83211422e-03]
 [  4.95220459e-02  -8.91953860e-02  -1.34656803e-03]
 [ -3.42363174e-02   8.39734232e-01  -1.79588287e-02]
 [ -3.54718096e-03  -5.93599998e-01   5.02007488e-03]
 [  1.24826656e-03   1.06463477e-01  -3.34430784e-04]
 [  1.17589325e-01  -6.60716500e-01   3.61712233e-02]
 [ -1.94864924e-02   1.58638187e-01  -3.27110684e-03]
 [  9.00751018e-04  -1.02580844e-02   2.42411593e-04]]
14
